3 0.19139814814814815 0.8475 0.08615740740740742 0.10340277777777784
3 0.06237037037037037 0.8718472222222222 0.08291666666666665 0.10962500000000008
3 0.7434074074074074 0.769625 0.05825925925925933 0.05400000000000015
3 0.962425925925926 0.7485138888888888 0.07420370370370369 0.059152777777777665
3 0.9163333333333334 0.7040694444444444 0.06975000000000003 0.044722222222222205
2 0.12637962962962965 0.40868055555555555 0.13834259259259257 0.2966944444444444
1 0.8505092592592592 0.300875 0.07160185185185178 0.07102777777777776
1 0.4154351851851852 0.4702361111111111 0.01189814814814817 0.014833333333333264
2 0.42780555555555555 0.49819444444444444 0.020231481481481503 0.044291666666666646
3 0.4284537037037037 0.5703333333333334 0.016296296296296316 0.013222222222222198
3 0.6695555555555556 0.7504166666666666 0.032787037037037114 0.03466666666666672
3 0.5404351851851852 0.6325416666666667 0.022787037037036946 0.027458333333333307
3 0.5133333333333333 0.6396805555555556 0.017009259259259158 0.035194444444444486