2 0.6494907407407408 0.7594871794871795 0.02337962962962963 0.049458689458689496
2 0.4875740740740741 0.6909686609686609 0.010592592592592643 0.030982905982905984
2 0.5251666666666667 0.6725783475783476 0.012037037037037037 0.025883190883190826
2 0.6744074074074075 0.6996011396011396 0.014416666666666607 0.015498575498575492
3 0.6414814814814814 0.8532905982905983 0.007953703703703628 0.01566951566951567
3 0.6594907407407408 0.851994301994302 0.010425925925925918 0.013746438746438876
3 0.6727129629629629 0.7490598290598292 0.01357407407407415 0.007991452991452848
3 0.5630925925925926 0.7823504273504274 0.004324074074074142 0.006353276353276405
3 0.49062962962962964 0.7498290598290598 0.006546296296296238 0.007920227920227842
3 0.4832777777777778 0.749957264957265 0.007379629629629655 0.006481481481481417
3 0.5243333333333333 0.7222222222222222 0.010592592592592643 0.007364672364672306
3 0.5678425925925926 0.7807692307692308 0.0037685185185184597 0.007478632478632479
1 0.5644629629629629 0.687022792022792 0.009101851851851785 0.007250712250712296