3 0.10487962962962964 0.7210277777777777 0.04091666666666668 0.07712499999999996
3 0.01838888888888889 0.7388194444444445 0.03677777777777778 0.07927777777777775
3 0.8268425925925926 0.9310416666666667 0.1376481481481482 0.13661111111111096
3 0.8608425925925927 0.8750555555555555 0.06299074074074072 0.10559722222222219
3 0.8839814814814815 0.7225833333333334 0.07120370370370378 0.06362499999999992
3 0.9549444444444444 0.7234444444444444 0.06061111111111114 0.06394444444444439
3 0.5218425925925926 0.6533888888888889 0.03692592592592603 0.029138888888888916
3 0.5511944444444444 0.6468055555555555 0.01993518518518516 0.020847222222222208
2 0.5279074074074074 0.4745277777777778 0.08208333333333341 0.06873611111111112
2 0.0574537037037037 0.37876388888888884 0.11489814814814815 0.20109722222222218
1 0.7847592592592593 0.059958333333333336 0.1110185185185186 0.11654166666666667
1 0.9149444444444444 0.2131388888888889 0.06530555555555553 0.06262499999999996
3 0.33682407407407405 0.6208333333333333 0.024018518518518567 0.01981944444444442
3 0.29264814814814816 0.621875 0.012185185185185157 0.04363888888888883