3 0.6599814814814815 0.8522934472934472 0.010388888888888914 0.016581196581196722
3 0.6413240740740741 0.8531766381766381 0.008324074074074083 0.019472934472934578
3 0.6734351851851851 0.7487037037037038 0.014425925925925858 0.008589743589743551
3 0.5865462962962963 0.7933618233618235 0.0054537037037037965 0.00846153846153854
3 0.5241574074074075 0.721965811965812 0.012361111111111028 0.0073076923076923015
3 0.4830277777777777 0.7495156695156695 0.007888888888888872 0.007849002849002836
3 0.490925925925926 0.749985754985755 0.007981481481481381 0.008019943019943175
2 0.48615740740740737 0.6924358974358974 0.013277777777777703 0.030498575498575452
2 0.5240462962962963 0.6708689458689459 0.01187037037037031 0.029928774928774916
2 0.6499259259259259 0.7677777777777778 0.023638888888888862 0.04722222222222235
2 0.6731296296296296 0.6904558404558404 0.012518518518518502 0.03206552706552705
3 0.5936296296296296 0.7931766381766381 0.0060555555555555215 0.008760683760683891
1 0.588212962962963 0.6943447293447294 0.008777777777777794 0.013817663817663882