3 0.6592962962962963 0.8510968660968662 0.010388888888888914 0.016581196581196722
3 0.64175 0.8531766381766381 0.008324074074074083 0.019472934472934578
3 0.6734351851851851 0.7487037037037038 0.014425925925925858 0.008589743589743551
3 0.5610185185185185 0.7791310541310542 0.002555555555555547 0.007293447293447138
3 0.5645092592592592 0.7785327635327635 0.004703703703703636 0.006866096866096775
3 0.5241574074074075 0.721965811965812 0.012361111111111028 0.0073076923076923015
3 0.4834537037037037 0.7496438746438746 0.00840740740740734 0.007849002849002836
3 0.4921759259259259 0.7501851851851852 0.009101851851851785 0.009216524216524255
2 0.48814814814814816 0.6923504273504273 0.011398148148148098 0.030341880341880276
2 0.5244166666666666 0.6716666666666666 0.01187037037037031 0.029928774928774916
2 0.6490185185185186 0.7588034188034187 0.026101851851851904 0.0488746438746438
2 0.6715462962962963 0.7042165242165243 0.022981481481481422 0.015313390313390313
1 0.5614166666666667 0.6863390313390313 0.009175925925926002 0.008133903133903185