2 0.7495462962962963 0.8066666666666666 0.029481481481481407 0.0755270655270655
2 0.5604444444444444 0.8056552706552708 0.025870370370370422 0.06460113960113947
2 0.5819166666666666 0.6835327635327635 0.012796296296296238 0.031025641025640985
1 0.5813796296296296 0.6562250712250712 0.008250000000000075 0.007905982905982841
1 0.5292407407407408 0.6848148148148149 0.013537037037036936 0.01547008547008549
3 0.5551018518518518 0.9280484330484331 0.013481481481481431 0.02069800569800566
3 0.5716388888888889 0.9236324786324787 0.01790740740740733 0.017150997150997098
3 0.7626944444444445 0.9222792022792023 0.018500000000000016 0.0146011396011396
3 0.7398425925925926 0.9213390313390313 0.012472222222222247 0.01270655270655281
1 0.5630185185185185 0.7497863247863248 0.01830555555555554 0.017108262108262096
3 0.25159259259259265 0.8599287749287748 0.016870370370370397 0.013689458689458547
3 0.22780555555555557 0.8606267806267806 0.011157407407407418 0.013746438746438876
1 0.23811111111111113 0.7151424501424501 0.013592592592592573 0.01824786324786317