0 0.6657314814814815 0.353125 0.03290740740740737 0.045569444444444406
1 0.548462962962963 0.4583611111111111 0.018277777777777785 0.024319444444444432
1 0.47330555555555553 0.4460972222222222 0.017324074074074054 0.015499999999999957
1 0.059305555555555556 0.3026111111111111 0.06649999999999999 0.06334722222222224
1 0.8092222222222223 0.12131944444444444 0.10513888888888885 0.0862638888888889
3 0.47069444444444447 0.5871527777777777 0.009759259259259226 0.021430555555555487
3 0.4804537037037037 0.5811388888888889 0.011842592592592559 0.032402777777777836
3 0.5525648148148148 0.5821805555555556 0.017416666666666615 0.016722222222222173
3 0.5731203703703704 0.5832222222222222 0.015333333333333282 0.02194444444444438
3 0.6239907407407407 0.6553472222222223 0.041111111111111195 0.0648055555555555
3 0.6583055555555556 0.6404583333333334 0.0463333333333333 0.06427777777777774
3 0.7621296296296296 0.8095138888888889 0.08675000000000005 0.11183333333333331
3 0.865787037037037 0.8069027777777779 0.07316666666666664 0.11811111111111106
3 0.08650000000000001 0.7225694444444445 0.05088888888888889 0.06784722222222217
2 0.6455 0.4345277777777778 0.07142592592592602 0.1388888888888889