2 0.9399166666666667 0.781965811965812 0.03104629629629627 0.06376068376068375
1 0.9384351851851852 0.7278347578347579 0.015805555555555496 0.01784900284900289
3 0.9302407407407407 0.8844729344729344 0.00820370370370361 0.017806267806267807
3 0.9515925925925927 0.880968660968661 0.013648148148148052 0.02001424501424495
1 0.8877962962962963 0.764145299145299 0.015990740740740726 0.023931623931623867
3 0.8499722222222222 0.8772934472934473 0.009555555555555496 0.020569800569800647
3 0.8684907407407407 0.8755840455840456 0.012666666666666725 0.022136752136752084
2 0.6721574074074074 0.7033190883190883 0.02178703703703701 0.03950142450142453
3 0.6633796296296297 0.74002849002849 0.009888888888888947 0.0094444444444446
3 0.6725462962962964 0.7404273504273504 0.007037037037036953 0.00669515669515676
1 0.5466851851851852 0.6664672364672365 0.008111111111111102 0.012179487179487115