2 0.045092592592592594 0.791875 0.040055555555555546 0.09552777777777774
2 0.5419537037037037 0.5655833333333333 0.028870370370370428 0.06512499999999997
1 0.5677777777777778 0.6255555555555555 0.022509259259259208 0.0340138888888889
1 0.07856481481481481 0.4222638888888888 0.015490740740740732 0.014611111111111085
3 0.058212962962962966 0.9446527777777778 0.03616666666666667 0.028861111111111074
3 0.33284259259259263 0.9397916666666666 0.03037962962962958 0.022777777777777904
3 0.3538611111111111 0.9117500000000001 0.013018518518518468 0.01686111111111125
3 0.5874444444444445 0.86425 0.01304629629629622 0.021305555555555442
3 0.5532777777777778 0.8681666666666668 0.01261111111111101 0.01927777777777793
3 0.08821296296296297 0.5390277777777778 0.008796296296296297 0.015388888888888945
3 0.10324074074074074 0.5421666666666667 0.007944444444444455 0.013555555555555543
3 0.5322129629629629 0.6560277777777778 0.013981481481481397 0.01409722222222219