3 0.6592962962962963 0.8510968660968662 0.010388888888888914 0.016581196581196722
3 0.64175 0.8531766381766381 0.008324074074074083 0.019472934472934578
3 0.6734351851851851 0.7487037037037038 0.014425925925925858 0.008589743589743551
3 0.5732314814814815 0.7866951566951567 0.0049629629629628705 0.010512820512820669
3 0.5833425925925926 0.7855128205128205 0.008583333333333316 0.011339031339031391
3 0.5241574074074075 0.721965811965812 0.012361111111111028 0.0073076923076923015
3 0.4830277777777777 0.7495156695156695 0.007888888888888872 0.007849002849002836
3 0.490925925925926 0.749985754985755 0.007981481481481381 0.008019943019943175
2 0.48615740740740737 0.6924358974358974 0.013277777777777703 0.030498575498575452
2 0.5240462962962963 0.6708689458689459 0.01187037037037031 0.029928774928774916
2 0.6490185185185186 0.7588034188034187 0.026101851851851904 0.0488746438746438
2 0.6725925925925925 0.6900427350427351 0.012518518518518502 0.03206552706552705
1 0.5787037037037037 0.6929202279202279 0.009888888888888947 0.00907407407407408