3 0.6592962962962963 0.8510968660968662 0.010388888888888914 0.016581196581196722
3 0.64175 0.8531766381766381 0.008324074074074083 0.019472934472934578
3 0.6734351851851851 0.7487037037037038 0.014425925925925858 0.008589743589743551
3 0.5554351851851852 0.7704985754985755 0.004731481481481389 0.011068376068376042
3 0.5615648148148148 0.7694729344729344 0.004444444444444402 0.009216524216524255
3 0.5241574074074075 0.721965811965812 0.012361111111111028 0.0073076923076923015
3 0.48226851851851854 0.7504415954415954 0.0060370370370370205 0.007165242165242126
3 0.4901759259259259 0.7511538461538461 0.008805555555555547 0.006139601139601062
2 0.4860185185185185 0.6926638176638177 0.012592592592592508 0.02967236467236473
2 0.5246944444444444 0.6723361823361823 0.01261111111111101 0.0291737891737892
2 0.6490185185185186 0.7588034188034187 0.026101851851851904 0.0488746438746438
2 0.6739166666666667 0.692065527065527 0.013212962962962945 0.029943019943019917
1 0.5568055555555556 0.6806410256410257 0.007805555555555614 0.0088603988603989