3 0.6594722222222222 0.8536467236467237 0.010101851851851928 0.012407407407407459
3 0.6412129629629629 0.8567094017094017 0.0070092592592592 0.010584045584045675
3 0.6028703703703704 0.7995441595441595 0.004777777777777854 0.008646723646723555
3 0.6081018518518518 0.798105413105413 0.003990740740740691 0.009501424501424605
3 0.6738425925925926 0.7485612535612536 0.013962962962962896 0.009686609686609622
3 0.5242777777777778 0.722051282051282 0.01175000000000005 0.0073361823361823035
3 0.48194444444444445 0.7501139601139601 0.006601851851851953 0.005641025641025693
3 0.49026851851851855 0.751125356125356 0.009111111111111035 0.006182336182336066
2 0.5245462962962962 0.672037037037037 0.01624074074074071 0.028347578347578315
2 0.4858333333333334 0.6928774928774929 0.012990740740740716 0.03210826210826206
2 0.6507499999999999 0.7952421652421652 0.022333333333333233 0.041111111111110966
2 0.6730462962962963 0.6905413105413105 0.011814814814814806 0.031082621082621154
1 0.6036944444444444 0.695968660968661 0.008981481481481524 0.009999999999999974