3 0.19139814814814815 0.8475 0.08615740740740742 0.10340277777777784
3 0.06237037037037037 0.8718472222222222 0.08291666666666665 0.10962500000000008
3 0.7513148148148148 0.7721666666666667 0.05825925925925933 0.05400000000000015
3 0.962425925925926 0.7485138888888888 0.07420370370370369 0.059152777777777665
3 0.9163333333333334 0.7040694444444444 0.06975000000000003 0.044722222222222205
2 0.12637962962962965 0.40868055555555555 0.13834259259259257 0.2966944444444444
1 0.6989444444444445 0.26184722222222223 0.06348148148148143 0.052361111111111094
1 0.8602129629629629 0.3030277777777778 0.07160185185185178 0.0652222222222222
2 0.4312037037037037 0.4977916666666667 0.020342592592592617 0.04790277777777779
3 0.4282777777777778 0.5714305555555556 0.013712962962962913 0.009166666666666698
1 0.41841666666666666 0.46723611111111113 0.010972222222222243 0.010652777777777721
3 0.378 0.7310555555555556 0.058203703703703716 0.06477777777777784