2 0.7492777777777778 0.8088034188034188 0.032731481481481396 0.07247863247863263
3 0.7397685185185185 0.9175783475783476 0.014268518518518594 0.016153846153846036
3 0.7630833333333333 0.9192450142450141 0.01691666666666665 0.019472934472934578
2 0.5616944444444444 0.804985754985755 0.028638888888888946 0.05720797720797732
1 0.5626666666666666 0.7494586894586894 0.01777777777777782 0.019971509971509947
3 0.554962962962963 0.9260398860398861 0.01315740740740744 0.021182336182336028
3 0.5711759259259259 0.9224643874643875 0.017046296296296372 0.017692307692307795
1 0.5714722222222223 0.6564245014245015 0.008129629629629605 0.008148148148148187
2 0.5716574074074074 0.6832905982905983 0.012648148148148224 0.030056980056980088
3 0.5369722222222222 0.8025071225071225 0.015824074074073997 0.010299145299145326
3 0.5236759259259259 0.8017236467236466 0.010175925925925934 0.010142450142449987
3 0.2507962962962963 0.8602706552706553 0.016231481481481458 0.013062678062678166
3 0.228 0.8598575498575499 0.011361111111111094 0.012222222222222119
1 0.23763888888888887 0.7160826210826211 0.012027777777777787 0.012407407407407459
1 0.5296481481481481 0.6860398860398861 0.012740740740740733 0.01742165242165245
3 0.5773425925925926 0.7303988603988604 0.007027777777777702 0.007478632478632479
3 0.5654907407407408 0.7269373219373219 0.004564814814814874 0.01103988603988596