3 0.09551851851851852 0.7439166666666667 0.06791666666666665 0.06484722222222229
3 0.6435740740740741 0.8199444444444445 0.0485185185185186 0.10338888888888896
3 0.7462037037037037 0.8247083333333333 0.0633148148148147 0.11291666666666661
3 0.908787037037037 0.7379722222222223 0.06187037037037031 0.06530555555555553
3 0.8398981481481482 0.7042499999999999 0.06805555555555555 0.05515277777777775
3 0.4158611111111111 0.5725694444444445 0.007638888888888889 0.011763888888888926
3 0.431037037037037 0.5729444444444444 0.008527777777777811 0.009041666666666654
3 0.5322129629629629 0.5728888888888889 0.005574074074074057 0.0063888888888889205
3 0.5367314814814814 0.5691527777777778 0.0064074074074074745 0.007236111111111162
2 0.8610925925925926 0.4371111111111112 0.10025925925925923 0.1840972222222222
3 0.05925925925925926 0.4479166666666667 0.11851851851851852 0.2263888888888889
2 0.42246296296296293 0.5046111111111111 0.019444444444444445 0.037263888888888944
0 0.6993055555555555 0.21002777777777779 0.07558333333333343 0.04008333333333335
0 0.8550185185185185 0.32095833333333335 0.04322222222222228 0.029986111111111078
0 0.5298425925925926 0.4605555555555556 0.007277777777777685 0.005861111111111149