3 0.19139814814814815 0.8475 0.08615740740740742 0.10340277777777784
3 0.06237037037037037 0.8718472222222222 0.08291666666666665 0.10962500000000008
3 0.7434074074074074 0.769625 0.05825925925925933 0.05400000000000015
3 0.9628981481481482 0.7497638888888889 0.07420370370370369 0.059152777777777665
3 0.9171666666666667 0.7072083333333332 0.06974999999999994 0.044722222222222205
2 0.12637962962962965 0.40868055555555555 0.13834259259259257 0.2966944444444444
1 0.8505092592592592 0.300875 0.07160185185185178 0.07102777777777776
1 0.42029629629629633 0.46618055555555554 0.01189814814814817 0.014833333333333264
2 0.42780555555555555 0.49819444444444444 0.020231481481481503 0.044291666666666646
3 0.4284537037037037 0.5703333333333334 0.016296296296296316 0.013222222222222198
3 0.6695555555555556 0.7504166666666666 0.032787037037037114 0.03466666666666672
1 0.7317777777777779 0.3071805555555555 0.05432407407407414 0.04947222222222223
3 0.5274444444444444 0.6142916666666667 0.010666666666666649 0.01637499999999995
3 0.5408888888888889 0.6133472222222223 0.014416666666666607 0.04319444444444447