2 0.06349074074074074 0.4890833333333333 0.1111111111111111 0.21230555555555558
3 0.10383333333333335 0.7549583333333334 0.07275000000000001 0.04959722222222227
3 0.3895462962962963 0.734125 0.08068518518518518 0.09920833333333343
3 0.49272222222222223 0.6884861111111111 0.05952777777777774 0.10713888888888887
0 0.6785740740740741 0.20833333333333334 0.06613888888888894 0.03570833333333331
0 0.6428611111111111 0.8194444444444444 0.06613888888888894 0.1349166666666668
0 0.75 0.8214305555555554 0.08465740740740747 0.11508333333333319
0 0.8399444444444444 0.6984166666666667 0.07936111111111115 0.06745833333333333
0 0.910712962962963 0.7380972222222222 0.06481481481481481 0.07143055555555557
2 0.8624351851851851 0.4821388888888889 0.11375925925925917 0.1269861111111112
0 0.43603703703703706 0.28820833333333334 0.04068518518518513 0.022958333333333296
0 0.8331944444444445 0.37793055555555555 0.05840740740740734 0.03927777777777774