3 0.3035555555555555 0.9323646723646724 0.020620370370370355 0.016410256410256386
3 0.3179166666666667 0.9255413105413106 0.01266666666666662 0.013732193732193875
3 0.3723703703703704 0.8067236467236468 0.017259259259259245 0.010584045584045675
2 0.37683333333333335 0.7269800569800571 0.024666666666666653 0.047792022792022805
1 0.31360185185185185 0.738960113960114 0.017898148148148187 0.018561253561253523
1 0.7899351851851851 0.703034188034188 0.01909259259259249 0.013262108262108184
2 0.9233055555555555 0.7991310541310541 0.028861111111111178 0.06242165242165233
1 0.9250277777777778 0.7474928774928775 0.015592592592592517 0.020270655270655295
3 0.9138425925925926 0.9207264957264958 0.010435185185185169 0.01270655270655281
3 0.9384074074074075 0.9216524216524217 0.015370370370370286 0.011011396011396037
3 0.6416296296296297 0.8288319088319088 0.014611111111111085 0.010783475783475693
3 0.6622870370370371 0.828076923076923 0.008111111111111102 0.014358974358974255
1 0.6521296296296296 0.6826780626780626 0.012157407407407509 0.01252136752136747
3 0.7940462962962963 0.8412108262108262 0.011944444444444528 0.02069800569800566