3 0.10487962962962964 0.7210277777777777 0.04091666666666668 0.07712499999999996
3 0.01838888888888889 0.7459861111111111 0.03677777777777778 0.07927777777777775
3 0.8268425925925926 0.9310416666666667 0.1376481481481482 0.13661111111111096
3 0.8608425925925927 0.8750555555555555 0.06299074074074072 0.10559722222222219
3 0.8839814814814815 0.7225833333333334 0.07120370370370378 0.06362499999999992
3 0.9549444444444444 0.7234444444444444 0.06061111111111114 0.06394444444444439
3 0.5218425925925926 0.6533888888888889 0.03692592592592603 0.029138888888888916
3 0.5511944444444444 0.6468055555555555 0.01993518518518516 0.020847222222222208
2 0.5381666666666667 0.44490277777777776 0.04751851851851846 0.1082083333333333
2 0.05978703703703703 0.37755555555555553 0.10524074074074073 0.20109722222222218
1 0.7783981481481481 0.05827777777777777 0.09081481481481475 0.11654166666666667
3 0.4765185185185185 0.5781944444444445 0.01597222222222222 0.017208333333333315
3 0.4468796296296296 0.5828194444444444 0.01787962962962958 0.019847222222222172
1 0.9170462962962963 0.2149861111111111 0.0672499999999999 0.0652638888888889