3 0.3035555555555555 0.9323646723646724 0.020620370370370355 0.016410256410256386
3 0.3179166666666667 0.9255413105413106 0.01266666666666662 0.013732193732193875
3 0.3723703703703704 0.8067236467236468 0.017259259259259245 0.010584045584045675
2 0.3777685185185185 0.7582193732193732 0.021444444444444415 0.03678062678062669
1 0.30480555555555555 0.7407264957264957 0.017898148148148187 0.018561253561253523
1 0.7503888888888889 0.7134188034188034 0.01909259259259249 0.013262108262108184
2 0.9233055555555555 0.7991310541310541 0.028861111111111178 0.06242165242165233
1 0.9250277777777778 0.7474928774928775 0.015592592592592517 0.020270655270655295
3 0.9138425925925926 0.9207264957264958 0.010435185185185169 0.01270655270655281
3 0.9384074074074075 0.9216524216524217 0.015370370370370286 0.011011396011396037
3 0.6416296296296297 0.8288319088319088 0.014611111111111085 0.010783475783475693
3 0.6622870370370371 0.828076923076923 0.008111111111111102 0.014358974358974255
3 0.7434351851851851 0.8662250712250713 0.01033333333333341 0.0317806267806267
3 0.7623425925925926 0.8644301994301995 0.015907407407407467 0.015925925925926017