1 0.5444907407407407 0.6649002849002849 0.010518518518518425 0.010997150997151036
2 0.6698333333333333 0.6807834757834759 0.022462962962962955 0.03725071225071222
3 0.5407407407407407 0.7443874643874643 0.004675925925925884 0.013019943019943163
3 0.6641111111111111 0.7409259259259259 0.011157407407407366 0.009259259259259259
3 0.6733611111111111 0.7403988603988604 0.005629629629629563 0.00938746438746427
1 0.879287037037037 0.7122792022792023 0.013009259259259217 0.01673789173789174
1 0.9399074074074074 0.7249002849002849 0.01812037037037031 0.0122364672364672
2 0.9393333333333334 0.7837891737891738 0.030462962962963046 0.06678062678062693
3 0.8503611111111111 0.8803703703703704 0.008111111111111102 0.014287749287749249
3 0.8686111111111111 0.8759544159544159 0.012944444444444462 0.019373219373219244
3 0.9308981481481482 0.8829202279202278 0.008814814814814798 0.01706552706552709
3 0.9516296296296296 0.8822792022792023 0.014046296296296364 0.014615384615384603