3 0.3241203703703704 0.8778490028490028 0.011416666666666705 0.015213675213675304
3 0.34857407407407404 0.8776923076923077 0.013194444444444444 0.014472934472934589
3 0.4791018518518518 0.733960113960114 0.012972222222222213 0.010327635327635327
3 0.5614444444444444 0.7562678062678062 0.010249999999999941 0.008803418803418894
3 0.5713981481481482 0.757934472934473 0.008666666666666574 0.008589743589743551
1 0.5882870370370371 0.6716666666666666 0.012537037037037003 0.012564102564102635
1 0.5548981481481481 0.6646296296296296 0.012055555555555538 0.013732193732193712
1 0.48111111111111116 0.6536609686609687 0.008435185185185093 0.0114245014245014
2 0.5740740740740741 0.6878632478632478 0.010944444444444385 0.03783475783475776
3 0.5982500000000001 0.7657977207977208 0.01089814814814813 0.011253561253561382
3 0.5751666666666666 0.7671082621082621 0.012953703703703712 0.009643874643874619