3 0.645287037037037 0.8276944444444445 0.049305555555555554 0.10697222222222219
3 0.7446203703703704 0.8334444444444445 0.07072222222222233 0.09863888888888886
3 0.8414351851851852 0.708 0.0632962962962962 0.05411111111111116
3 0.9169537037037037 0.7405555555555556 0.06883333333333336 0.07158333333333328
3 0.10525925925925926 0.7540555555555555 0.07770370370370372 0.06683333333333318
3 0.5017962962962963 0.5719861111111111 0.014814814814814815 0.011277777777777784
3 0.41544444444444445 0.5729722222222222 0.007407407407407408 0.012472222222222247
3 0.4312314814814815 0.5720277777777778 0.009314814814814764 0.010569444444444463
2 0.8640740740740741 0.4331388888888889 0.09805555555555565 0.16820833333333335
2 0.05597222222222222 0.43690277777777775 0.10893518518518519 0.22070833333333328
2 0.4229074074074074 0.5053611111111111 0.0205925925925926 0.03554166666666671
0 0.6975555555555556 0.21154166666666668 0.07670370370370362 0.05138888888888889
0 0.8500555555555555 0.3207361111111111 0.06035185185185191 0.03520833333333336
0 0.5006018518518518 0.46379166666666666 0.011083333333333358 0.00668055555555548