2 0.6490092592592592 0.7605698005698005 0.02628703703703713 0.053276353276353404
2 0.4880092592592592 0.6898860398860399 0.010592592592592643 0.030982905982905984
2 0.5238703703703703 0.6704273504273504 0.012037037037037037 0.025883190883190826
2 0.6704166666666667 0.7013390313390313 0.01980555555555565 0.019985754985754948
3 0.641537037037037 0.8516239316239317 0.007203703703703678 0.016339031339031376
3 0.6594907407407408 0.851994301994302 0.010425925925925918 0.013746438746438876
3 0.6740092592592593 0.7487321937321938 0.01357407407407415 0.007991452991452848
3 0.5629814814814814 0.7787321937321937 0.005833333333333291 0.006182336182336066
3 0.49062962962962964 0.7498290598290598 0.006546296296296238 0.007920227920227842
3 0.4832777777777778 0.749957264957265 0.007379629629629655 0.006481481481481417
3 0.5243333333333333 0.7222222222222222 0.010592592592592643 0.007364672364672306
1 0.5622962962962963 0.6873646723646724 0.009638888888888964 0.008903133903133903