3 0.3241203703703704 0.8778490028490028 0.011416666666666705 0.015213675213675304
3 0.34857407407407404 0.8776923076923077 0.013194444444444444 0.014472934472934589
3 0.4791018518518518 0.733960113960114 0.012972222222222213 0.010327635327635327
3 0.5614444444444444 0.7562678062678062 0.010249999999999941 0.008803418803418894
3 0.5713981481481482 0.757934472934473 0.008666666666666574 0.008589743589743551
1 0.6263518518518519 0.6734188034188034 0.012537037037037003 0.012564102564102635
1 0.5597962962962963 0.6576210826210825 0.012148148148148047 0.010569800569800511
1 0.48111111111111116 0.6536609686609687 0.008435185185185093 0.0114245014245014
3 0.636962962962963 0.7687037037037037 0.011268518518518586 0.013803418803418881
3 0.6106111111111111 0.7681054131054131 0.01175000000000005 0.013803418803418881
2 0.5748425925925926 0.6878917378917379 0.009101851851851785 0.03669515669515668