2 0.06431481481481481 0.44375 0.12329629629629629 0.22752777777777772
2 0.8648703703703703 0.4404166666666667 0.08870370370370366 0.18362500000000004
2 0.4237314814814815 0.5057916666666666 0.021453703703703666 0.039694444444444504
3 0.416 0.57375 0.007777777777777757 0.011666666666666634
3 0.4310185185185185 0.5726111111111111 0.009722222222222222 0.009402777777777753
3 0.54425 0.5795833333333333 0.006703703703703712 0.021388888888888857
3 0.5508425925925926 0.5771527777777778 0.009074074074074031 0.015888888888888966
3 0.6429074074074075 0.8176805555555556 0.04884259259259259 0.10923611111111124
3 0.7459814814814815 0.8306388888888888 0.06655555555555545 0.09951388888888901
3 0.8400092592592593 0.7039583333333334 0.06664814814814816 0.05772222222222215
3 0.910787037037037 0.7323055555555555 0.06389814814814813 0.060805555555555516
0 0.8540925925925925 0.31848611111111114 0.04123148148148146 0.026791666666666696
0 0.6761296296296296 0.21593055555555554 0.0673425925925926 0.048444444444444436
3 0.09962962962962962 0.756013888888889 0.059092592592592585 0.06700000000000002