0 0.6834907407407407 0.21193055555555557 0.05555555555555555 0.03888888888888889
0 0.8594166666666666 0.31748611111111114 0.044444444444444446 0.03333333333333333
2 0.8611111111111112 0.438375 0.08796296296296297 0.17881944444444445
2 0.06423148148148149 0.4418472222222222 0.12384259259259259 0.2309027777777778
3 0.641787037037037 0.8255277777777777 0.04513888888888889 0.09895833333333333
3 0.7471111111111111 0.829 0.07060185185185185 0.109375
3 0.10185185185185185 0.7560833333333333 0.06712962962962964 0.06770833333333333
3 0.8362314814814815 0.7083333333333334 0.056712962962962965 0.04861111111111111
3 0.9091481481481481 0.7439305555555555 0.059027777777777776 0.057291666666666664
3 0.5322129629629629 0.5714722222222222 0.010722222222222156 0.020972222222222253
3 0.550037037037037 0.5784583333333333 0.0114166666666666 0.01608333333333339