3 0.642712962962963 0.8215 0.04832407407407412 0.10098611111111117
3 0.7464537037037037 0.8259166666666666 0.06813888888888882 0.1071527777777779
3 0.8410185185185185 0.7099861111111111 0.0643240740740741 0.04494444444444446
3 0.9103888888888889 0.7387222222222222 0.06129629629629634 0.06388888888888888
3 0.10189814814814814 0.7547638888888888 0.06739814814814814 0.060805555555555516
3 0.414962962962963 0.5731111111111111 0.005925925925925905 0.012736111111111054
3 0.43074999999999997 0.5722638888888889 0.00867592592592593 0.008680555555555556
3 0.5341666666666667 0.5736249999999999 0.009083333333333284 0.016152777777777773
2 0.8611203703703704 0.4350833333333333 0.10006481481481476 0.18433333333333338
2 0.42269444444444443 0.504361111111111 0.01810185185185181 0.03695833333333335
2 0.06000925925925926 0.4428333333333333 0.12001851851851852 0.22312499999999996
0 0.6964074074074074 0.20820833333333333 0.07194444444444449 0.04620833333333331
0 0.8539444444444444 0.32069444444444445 0.04616666666666657 0.027861111111111114
0 0.5342129629629631 0.4591666666666667 0.008425925925925842 0.005333333333333377