2 0.059444444444444446 0.5567916666666667 0.10962037037037038 0.20536111111111113
2 0.4222592592592593 0.5054305555555556 0.021490740740740776 0.03738888888888883
2 0.8671018518518518 0.5339583333333333 0.13404629629629627 0.13541666666666666
3 0.6437222222222222 0.8297222222222221 0.05822222222222232 0.10027777777777784
3 0.7580185185185185 0.8345694444444445 0.0797870370370371 0.1164583333333332
0 0.6867222222222222 0.2082222222222222 0.06961111111111117 0.03808333333333336
3 0.5507685185185186 0.6676805555555556 0.022111111111111213 0.07002777777777772
0 0.8260555555555555 0.44147222222222227 0.06216666666666676 0.025791666666666737
0 0.5329722222222222 0.3476111111111111 0.024333333333333308 0.01865277777777779
3 0.416287037037037 0.57275 0.006685185185185211 0.015680555555555507
3 0.4322314814814815 0.5721111111111111 0.013203703703703695 0.010805555555555518
3 0.5241111111111111 0.6675 0.022453703703703705 0.04422222222222227
3 0.8380833333333333 0.7051944444444445 0.07100000000000006 0.05648611111111113
3 0.9121666666666667 0.7352916666666667 0.06482407407407406 0.06481944444444447
3 0.10001851851851852 0.7533472222222222 0.06790740740740742 0.06945833333333332