3 0.6435740740740741 0.8205416666666666 0.0485185185185186 0.10855555555555567
3 0.7462037037037037 0.8269027777777778 0.0633148148148147 0.10537500000000016
3 0.8401111111111111 0.708 0.06594444444444447 0.05411111111111116
3 0.911537037037037 0.7379722222222223 0.060638888888888895 0.05451388888888889
3 0.09825 0.7522638888888888 0.06633333333333334 0.06723611111111122
3 0.5287499999999999 0.5697361111111111 0.01606481481481473 0.010611111111111092
3 0.49584259259259256 0.5645416666666667 0.011388888888888846 0.021625000000000068
3 0.4155833333333333 0.5728333333333333 0.00727777777777779 0.012986111111111143
3 0.4311481481481481 0.5733611111111111 0.008342592592592584 0.009472222222222292
2 0.8594537037037038 0.43459722222222225 0.10124999999999991 0.1780694444444445
2 0.42239814814814813 0.5054861111111111 0.018379629629629652 0.03609722222222223
2 0.057185185185185186 0.4419444444444444 0.11381481481481481 0.22195833333333337
0 0.6991574074074074 0.2072222222222222 0.07341666666666663 0.05486111111111111
0 0.8467407407407408 0.3212777777777778 0.06511111111111105 0.04388888888888892
0 0.513787037037037 0.46369444444444446 0.010861111111111129 0.0056805555555556