3 0.3035555555555555 0.9323646723646724 0.020620370370370355 0.016410256410256386
3 0.3179166666666667 0.9255413105413106 0.01266666666666662 0.013732193732193875
3 0.3723703703703704 0.8067236467236468 0.017259259259259245 0.010584045584045675
2 0.3729166666666667 0.7245156695156695 0.01898148148148148 0.050783475783475834
1 0.30315740740740743 0.7403988603988604 0.017370370370370362 0.017905982905982814
3 0.5989537037037037 0.928931623931624 0.02458333333333329 0.02196581196581207
1 0.6079814814814815 0.7432051282051282 0.01962037037037042 0.02150997150997138
2 0.9233055555555555 0.7991310541310541 0.028861111111111178 0.06242165242165233
1 0.9251944444444444 0.7466951566951566 0.015592592592592517 0.020270655270655295
3 0.9140740740740741 0.9207264957264958 0.010435185185185169 0.01270655270655281
3 0.9377222222222222 0.9212962962962963 0.01628703703703696 0.013831908831908884
3 0.6627222222222222 0.8296723646723646 0.006916666666666692 0.012763532763532816
3 0.6420555555555555 0.8282193732193732 0.014675925925925842 0.012279202279202124
1 0.6512222222222223 0.6848717948717948 0.014398148148148106 0.014316239316239252
3 0.638 0.9201139601139601 0.02928703703703714 0.026638176638176702