3 0.6422222222222222 0.8165694444444443 0.04494444444444441 0.10900000000000003
3 0.7445648148148148 0.8305 0.06265740740740748 0.1035972222222221
3 0.908425925925926 0.73575 0.059990740740740706 0.0629166666666666
3 0.8412037037037037 0.7048055555555555 0.06363888888888891 0.0524166666666666
2 0.8587685185185185 0.43393055555555554 0.084175925925926 0.18490277777777778
0 0.8588796296296296 0.318875 0.03617592592592587 0.027930555555555573
0 0.6884074074074075 0.20793055555555556 0.04857407407407411 0.03902777777777781
3 0.10103703703703704 0.7558750000000001 0.06028703703703705 0.059152777777777665
2 0.05781481481481481 0.4374166666666667 0.11455555555555555 0.21723611111111107
3 0.5510185185185186 0.5742638888888889 0.012203703703703763 0.014152777777777854
3 0.5317222222222222 0.5719861111111111 0.008027777777777845 0.017374999999999988
3 0.4308240740740741 0.573138888888889 0.007074074074074062 0.007069444444444488
3 0.41609259259259257 0.573875 0.006749999999999966 0.009263888888888832
3 0.4225833333333333 0.5040555555555556 0.01776851851851857 0.03634722222222216