3 0.10487962962962964 0.7210277777777777 0.04091666666666668 0.07712499999999996
3 0.01838888888888889 0.7459861111111111 0.03677777777777778 0.07927777777777775
3 0.8268425925925926 0.9310416666666667 0.1376481481481482 0.13661111111111096
3 0.8804351851851852 0.8827916666666666 0.06299074074074072 0.10559722222222219
3 0.8839814814814815 0.7225833333333334 0.07120370370370378 0.06362499999999992
3 0.9549444444444444 0.7234444444444444 0.06061111111111114 0.06394444444444439
3 0.5239814814814815 0.6549583333333333 0.033064814814814845 0.028499999999999973
3 0.550425925925926 0.6465000000000001 0.01723148148148139 0.019291666666666648
2 0.5364814814814814 0.44695833333333335 0.05380555555555546 0.1082083333333333
2 0.05978703703703703 0.37755555555555553 0.10524074074074073 0.20109722222222218
1 0.7812685185185185 0.049833333333333334 0.07653703703703711 0.09433333333333334
3 0.37175 0.6378472222222222 0.03373148148148143 0.03579166666666664
3 0.4050462962962963 0.6382222222222222 0.03370370370370368 0.029291666666666712
0 0.39256481481481487 0.39725 0.026009259259259288 0.016416666666666736