2 0.06187962962962962 0.438 0.12212037037037035 0.22308333333333333
2 0.42312962962962963 0.5050972222222222 0.016388888888888932 0.0376527777777778
2 0.85925 0.43433333333333335 0.10215740740740734 0.18897222222222218
3 0.6429537037037036 0.8201111111111111 0.04720370370370372 0.1024583333333333
3 0.7449907407407408 0.8274027777777778 0.06574074074074074 0.1037916666666667
3 0.8419444444444444 0.7083055555555556 0.06381481481481488 0.04672222222222228
3 0.9121759259259259 0.7368055555555556 0.059972222222222205 0.06397222222222215
3 0.5328333333333334 0.5736111111111111 0.010287037037036944 0.014180555555555606
3 0.5427592592592592 0.5728194444444444 0.007749999999999899 0.012611111111111168
3 0.4153981481481481 0.5725555555555556 0.00802777777777774 0.010569444444444463
3 0.4309537037037037 0.5729444444444444 0.0076759259259258925 0.00873611111111106
0 0.5372037037037036 0.4574444444444445 0.006962962962962946 0.005777777777777733
3 0.10137037037037037 0.7556527777777778 0.06582407407407408 0.0653749999999999
0 0.6928425925925926 0.20827777777777778 0.07350925925925936 0.04202777777777777
0 0.8550462962962964 0.32079166666666664 0.04291666666666658 0.026430555555555596