2 0.06283333333333334 0.5724166666666667 0.11508333333333333 0.22023611111111102
3 0.10119444444444445 0.7539722222222223 0.07010185185185186 0.06348611111111116
3 0.5059537037037036 0.6815416666666666 0.046296296296296294 0.08531944444444438
3 0.5515833333333333 0.6765833333333333 0.031749999999999966 0.0595277777777778
3 0.6369074074074074 0.8313472222222222 0.06746296296296286 0.10318055555555551
3 0.744712962962963 0.8224166666666667 0.06878703703703701 0.12897222222222207
0 0.6845277777777777 0.21031944444444445 0.06481481481481481 0.051583333333333314
0 0.5284074074074073 0.3420138888888889 0.02788888888888879 0.026569444444444437
2 0.42297222222222225 0.5042083333333333 0.019583333333333314 0.03824999999999995
3 0.41606481481481483 0.5733333333333334 0.0062129629629629965 0.014902777777777803
3 0.4312870370370371 0.5742638888888889 0.011175925925925973 0.013972222222222146
0 0.8181666666666667 0.484375 0.04161111111111116 0.02329166666666664
2 0.8600833333333333 0.5589027777777779 0.11488888888888882 0.11363888888888896