3 0.19139814814814815 0.8475 0.08615740740740742 0.10340277777777784
3 0.06237037037037037 0.8718472222222222 0.08291666666666665 0.10962500000000008
3 0.7513148148148148 0.7721666666666667 0.05825925925925933 0.05400000000000015
3 0.962425925925926 0.7485138888888888 0.07420370370370369 0.059152777777777665
3 0.9163333333333334 0.7040694444444444 0.06975000000000003 0.044722222222222205
2 0.12637962962962965 0.40868055555555555 0.13834259259259257 0.2966944444444444
1 0.6989444444444445 0.26184722222222223 0.06348148148148143 0.052361111111111094
1 0.9321574074074074 0.24029166666666665 0.07160185185185178 0.04456944444444449
3 0.40152777777777776 0.586763888888889 0.011944444444444424 0.020541666666666618
2 0.4331296296296296 0.496875 0.015250000000000026 0.04790277777777779
3 0.4153425925925926 0.5819027777777778 0.00926851851851851 0.019402777777777817