2 0.8625925925925926 0.4331388888888889 0.10562037037037031 0.1908888888888889
2 0.0579074074074074 0.43870833333333337 0.11527777777777778 0.23376388888888885
2 0.422962962962963 0.5058194444444445 0.020351851851851867 0.03790277777777773
0 0.699138888888889 0.21377777777777776 0.0753981481481482 0.050347222222222224
0 0.8478981481481481 0.3195555555555556 0.050944444444444424 0.028749999999999984
0 0.5229351851851851 0.46145833333333336 0.00862962962962957 0.0071111111111111175
3 0.10317592592592593 0.7539861111111111 0.0669074074074074 0.06106944444444448
3 0.6457870370370371 0.8223055555555555 0.05253703703703705 0.10034722222222223
3 0.7455462962962963 0.8274444444444444 0.06661111111111116 0.10786111111111123
3 0.9101851851851852 0.7350694444444444 0.0621388888888888 0.06773611111111108
3 0.8422314814814815 0.7034861111111111 0.06900925925925923 0.057430555555555506
3 0.41574074074074074 0.5724027777777778 0.007666666666666641 0.012694444444444425
3 0.4310555555555556 0.5724027777777778 0.008314814814814832 0.010083333333333321
3 0.5142222222222222 0.5676111111111111 0.010472222222222171 0.01879166666666663
3 0.5262129629629629 0.5718611111111112 0.010666666666666649 0.010916666666666686