2 0.6494907407407408 0.7594871794871795 0.02337962962962963 0.049458689458689496
2 0.48712962962962963 0.6924501424501425 0.011037037037037104 0.033490028490028474
2 0.5242592592592593 0.6705840455840456 0.011546296296296322 0.030113960113960093
2 0.6722870370370371 0.6906125356125357 0.012000000000000033 0.03148148148148151
3 0.6414166666666666 0.8545726495726496 0.007953703703703628 0.01566951566951567
3 0.6602592592592593 0.8535327635327634 0.010425925925925918 0.013746438746438876
3 0.6727129629629629 0.7490598290598292 0.01357407407407415 0.007991452991452848
3 0.5630185185185185 0.7828632478632479 0.004925925925925867 0.0094444444444446
3 0.49070370370370375 0.7507407407407407 0.006842592592592686 0.0074643874643874775
3 0.4832777777777778 0.749957264957265 0.007379629629629655 0.006481481481481417
3 0.5244074074074074 0.7225641025641025 0.011777777777777804 0.007364672364672306
3 0.5716944444444444 0.7844729344729345 0.0058611111111110436 0.006267806267806398
1 0.5679444444444445 0.6884757834757835 0.009388888888888981 0.010868945868945863