3 0.018055555555555554 0.7416666666666667 0.03611111111111111 0.075
3 0.10340740740740742 0.7256666666666667 0.047555555555555566 0.06959722222222216
3 0.8272777777777778 0.9585277777777778 0.14874074074074062 0.0829305555555556
3 0.8530740740740741 0.8826666666666666 0.0654074074074075 0.07323611111111114
3 0.879 0.7300416666666667 0.07492592592592599 0.06404166666666661
3 0.9529351851851853 0.7228888888888889 0.05612962962962953 0.06245833333333337
3 0.5220925925925926 0.6533611111111112 0.0367407407407408 0.027333333333333265
3 0.5490925925925926 0.6533611111111112 0.015500000000000009 0.014527777777777829
3 0.32479629629629625 0.6268472222222222 0.02175000000000001 0.03090277777777778
0 0.06312962962962963 0.24270833333333333 0.05106481481481482 0.028847222222222198
0 0.30491666666666667 0.40488888888888885 0.0290462962962963 0.01324999999999995
0 0.49837037037037035 0.40069444444444446 0.023472222222222137 0.012305555555555575
0 0.8289907407407406 0.03365277777777778 0.0790277777777777 0.041916666666666665
1 0.9239444444444445 0.21927777777777777 0.07541666666666672 0.06768055555555558
2 0.5375462962962962 0.45075000000000004 0.05219444444444434 0.1196805555555555
2 0.06610185185185186 0.37993055555555555 0.12861111111111112 0.18522222222222223
3 0.29767592592592595 0.6393055555555556 0.018407407407407404 0.021763888888888833