2 0.06424074074074074 0.4444444444444444 0.12152777777777778 0.23958333333333334
2 0.8640092592592593 0.4444444444444444 0.09375 0.19444444444444445
2 0.42364814814814816 0.5062222222222222 0.021055555555555563 0.04405555555555559
3 0.41520370370370374 0.5720972222222223 0.00803703703703699 0.014541666666666704
3 0.43071296296296296 0.573138888888889 0.009694444444444469 0.013305555555555612
3 0.5484722222222222 0.5826944444444445 0.012472222222222247 0.019124999999999975
3 0.5663425925925926 0.586013888888889 0.01551851851851851 0.0224444444444444
3 0.6457499999999999 0.8219722222222223 0.05150925925925936 0.11588888888888896
3 0.7458981481481481 0.8262638888888888 0.08393518518518527 0.11875
3 0.8417592592592593 0.7075138888888889 0.06962962962962967 0.05580555555555548
3 0.9094814814814814 0.7411388888888889 0.06581481481481474 0.07440277777777776
3 0.09920370370370371 0.7518611111111112 0.07058333333333332 0.07011111111111114
0 0.6777037037037037 0.21747222222222223 0.07153703703703702 0.03719444444444449
0 0.8465277777777778 0.32406944444444447 0.062000000000000034 0.04434722222222223