1 0.5751944444444445 0.7683760683760683 0.01597222222222222 0.02898860398860386
1 0.5285648148148149 0.6841880341880342 0.011361111111111094 0.01390313390313389
2 0.6832407407407407 0.69494301994302 0.015722222222222238 0.03364672364672365
2 0.7518055555555556 0.8033760683760685 0.029259259259259176 0.0760541310541312
2 0.5613981481481481 0.8090313390313391 0.02638888888888889 0.05955840455840448
3 0.7396481481481482 0.9210968660968661 0.012972222222222213 0.011709401709401749
3 0.762824074074074 0.9221794871794872 0.01701851851851862 0.013376068376068518
3 0.5714537037037036 0.9260826210826211 0.017185185185185133 0.013831908831908884
3 0.5553425925925926 0.9285612535612536 0.0125 0.01911680911680922
3 0.5367962962962963 0.8024074074074073 0.017731481481481567 0.011495726495726406
3 0.5233703703703704 0.800042735042735 0.008916666666666767 0.011937321937322092
1 0.2481574074074074 0.7184615384615385 0.013407407407407423 0.01685185185185191
3 0.22723148148148148 0.8580341880341881 0.009592592592592606 0.015641025641025666
3 0.25031481481481477 0.8592022792022792 0.015833333333333355 0.0140028490028489
1 0.6819259259259259 0.6656980056980056 0.007722222222222146 0.007407407407407472
3 0.6879351851851853 0.7493447293447293 0.006611111111111204 0.007977207977207848
3 0.6752222222222223 0.7463960113960114 0.004712962962962887 0.011851851851851761