2 0.04505555555555555 0.7838472222222223 0.040055555555555546 0.09552777777777774
2 0.5419537037037037 0.5655833333333333 0.028870370370370428 0.06512499999999997
1 0.5698981481481482 0.6180416666666667 0.0239166666666666 0.035416666666666666
1 0.011972222222222223 0.45266666666666666 0.019361111111111107 0.01654166666666662
3 0.054981481481481485 0.9406111111111112 0.031138888888888897 0.02940277777777788
3 0.33367592592592593 0.9397916666666666 0.03037962962962958 0.022777777777777904
3 0.5878888888888889 0.864013888888889 0.01304629629629622 0.021305555555555442
3 0.5535833333333333 0.8680555555555556 0.01261111111111101 0.01927777777777793
3 0.5322129629629629 0.6560277777777778 0.013981481481481397 0.01409722222222219
3 0.04293518518518518 0.5694444444444444 0.010305555555555552 0.022638888888888827
3 0.021027777777777777 0.5791111111111111 0.013666666666666666 0.010916666666666686