3 0.6594722222222222 0.8536467236467237 0.010101851851851928 0.012407407407407459
3 0.6412129629629629 0.8567094017094017 0.0070092592592592 0.010584045584045675
3 0.6029814814814815 0.7995441595441595 0.006629629629629706 0.00819088319088319
3 0.6116574074074075 0.7981623931623931 0.008287037037037079 0.011210826210826055
3 0.6738425925925926 0.7485612535612536 0.013962962962962896 0.009686609686609622
3 0.5242777777777778 0.722051282051282 0.01175000000000005 0.0073361823361823035
3 0.48194444444444445 0.7501139601139601 0.006601851851851953 0.005641025641025693
3 0.49026851851851855 0.751125356125356 0.009111111111111035 0.006182336182336066
2 0.5240277777777779 0.6706695156695157 0.014907407407407322 0.0301709401709401
2 0.4858333333333334 0.6928774928774929 0.012990740740740716 0.03210826210826206
2 0.6499351851851851 0.7902849002849003 0.020555555555555598 0.04487179487179487
2 0.6730462962962963 0.6905413105413105 0.011814814814814806 0.031082621082621154
1 0.6050555555555556 0.6966809116809116 0.009796296296296228 0.010968660968661033