2 0.7492777777777778 0.8088034188034188 0.032731481481481396 0.07247863247863263
3 0.7397685185185185 0.9175783475783476 0.014268518518518594 0.016153846153846036
3 0.7630833333333333 0.9192450142450141 0.01691666666666665 0.019472934472934578
2 0.5638425925925926 0.811054131054131 0.028638888888888946 0.05720797720797732
1 0.5751018518518519 0.7674216524216525 0.01777777777777782 0.029472934472934552
3 0.554962962962963 0.9260398860398861 0.01315740740740744 0.021182336182336028
3 0.5711759259259259 0.9224643874643875 0.017046296296296372 0.017692307692307795
1 0.62075 0.6603133903133903 0.008129629629629605 0.008148148148148187
2 0.6225185185185186 0.6902706552706552 0.01541666666666675 0.03262108262108259
1 0.5545 0.7213532763532763 0.011037037037037104 0.018276353276353255
3 0.5369722222222222 0.8025071225071225 0.015824074074073997 0.010299145299145326
3 0.5236759259259259 0.8017236467236466 0.010175925925925934 0.010142450142449987
3 0.2507962962962963 0.8602706552706553 0.016231481481481458 0.013062678062678166
3 0.228 0.8598575498575499 0.011361111111111094 0.012222222222222119
1 0.2383425925925926 0.71491452991453 0.012027777777777787 0.012407407407407459
3 0.6148518518518519 0.7355270655270656 0.006398148148148224 0.013361823361823436
3 0.6285462962962963 0.7375783475783475 0.008027777777777845 0.011196581196581054