2 0.06018518518518518 0.4484166666666667 0.12037037037037036 0.23809722222222227
3 0.10119444444444445 0.7539722222222223 0.0780462962962963 0.05952777777777764
3 0.6494722222222222 0.828375 0.05026851851851848 0.11309722222222231
3 0.7460277777777778 0.8204305555555556 0.0820092592592592 0.125
3 0.8425925925925926 0.7123055555555555 0.06349074074074068 0.05555555555555555
3 0.9041018518518518 0.7420694444444444 0.05423148148148142 0.05952777777777764
0 0.6798981481481481 0.21329166666666666 0.0529074074074075 0.05754166666666668
0 0.5695277777777779 0.408375 0.016685185185185167 0.009763888888888851
2 0.42329629629629634 0.5044722222222222 0.02177777777777776 0.039888888888888925
3 0.4152314814814815 0.5738472222222223 0.009620370370370357 0.022486111111111186
3 0.43050925925925926 0.5725694444444445 0.011879629629629667 0.014000000000000058
3 0.5651388888888889 0.6117638888888889 0.017537037037037087 0.030125000000000075
3 0.5824351851851851 0.6204861111111111 0.01499074074074079 0.029694444444444437
2 0.8604444444444445 0.43948611111111113 0.09391666666666673 0.17658333333333331