2 0.04505555555555555 0.7838472222222223 0.040055555555555546 0.09552777777777774
2 0.5419537037037037 0.5655833333333333 0.028870370370370428 0.06512499999999997
1 0.5677777777777778 0.6255555555555555 0.022509259259259208 0.0340138888888889
1 0.0944074074074074 0.45868055555555554 0.015490740740740732 0.014611111111111085
3 0.054981481481481485 0.9406111111111112 0.031138888888888897 0.02940277777777788
3 0.33367592592592593 0.9397916666666666 0.03037962962962958 0.022777777777777904
3 0.5878888888888889 0.8635833333333333 0.01304629629629622 0.021305555555555442
3 0.5532962962962963 0.8671944444444445 0.01261111111111101 0.01927777777777793
3 0.10753703703703704 0.5886111111111111 0.009092592592592586 0.014999999999999937
3 0.11773148148148149 0.600111111111111 0.007944444444444443 0.013555555555555543
3 0.5322129629629629 0.6560277777777778 0.013981481481481397 0.01409722222222219
3 0.3476851851851852 0.9067638888888889 0.021416666666666664 0.027458333333333307