0 0.044694444444444446 0.7467638888888888 0.021870370370370373 0.012444444444444496
3 0.06505555555555556 0.9597638888888889 0.04375 0.03959722222222221
3 0.10625925925925925 0.9491527777777777 0.026212962962962952 0.04611111111111117
3 0.48483333333333334 0.9751805555555555 0.035074074074074126 0.043277777777777894
3 0.5153796296296297 0.9433472222222222 0.03469444444444447 0.050347222222222224
3 0.5400925925925926 0.6380833333333333 0.022287037037036977 0.0393333333333334
3 0.5643425925925926 0.6346388888888889 0.017046296296296372 0.030472222222222296
3 0.43292592592592594 0.6887083333333334 0.028185185185185237 0.030472222222222296
3 0.4414444444444444 0.7039583333333334 0.034740740740740725 0.02752777777777777
2 0.5007592592592593 0.8170138888888889 0.057675925925925894 0.12977777777777785
0 0.49486111111111114 0.7236111111111111 0.028842592592592677 0.017694444444444457
0 0.4182314814814815 0.5404166666666667 0.014027777777777757 0.011388888888888952
2 0.43556481481481485 0.5903888888888889 0.04012962962962966 0.07393055555555558
1 0.5512777777777778 0.5056388888888889 0.01597222222222222 0.02250000000000006