3 0.6446296296296297 0.8197500000000001 0.05062962962962969 0.10695833333333332
3 0.7443518518518518 0.8284861111111111 0.06489814814814807 0.10855555555555567
3 0.84025 0.7054305555555556 0.06355555555555564 0.052916666666666695
3 0.9096851851851853 0.7375833333333333 0.06222222222222226 0.06166666666666672
3 0.09996296296296295 0.7552361111111111 0.06712962962962962 0.061277777777777626
3 0.431 0.5731111111111111 0.008555555555555565 0.008597222222222298
3 0.4156666666666667 0.5735138888888889 0.006305555555555505 0.010138888888888826
3 0.5267314814814815 0.571875 0.013944444444444395 0.010375000000000039
3 0.5024814814814814 0.5636666666666666 0.008453703703703805 0.023236111111111138
2 0.05737037037037037 0.4394444444444444 0.11474074074074074 0.22498611111111114
2 0.8625833333333334 0.4348333333333333 0.10177777777777784 0.17779166666666665
0 0.6984907407407407 0.21026388888888886 0.0772222222222223 0.04315277777777777
0 0.8500277777777777 0.32104166666666667 0.060388888888888916 0.03426388888888891
0 0.5172592592592592 0.46319444444444446 0.011592592592592576 0.005833333333333397
2 0.42286111111111113 0.5032916666666667 0.01977777777777779 0.036055555555555605