2 0.6494907407407408 0.7594871794871795 0.02337962962962963 0.049458689458689496
2 0.4875740740740741 0.6909686609686609 0.010592592592592643 0.030982905982905984
2 0.5248333333333334 0.6705270655270655 0.01270370370370373 0.029985754985754922
2 0.6739537037037037 0.6946011396011397 0.010592592592592643 0.02829059829059831
3 0.6413333333333333 0.8537464387464389 0.007953703703703628 0.01566951566951567
3 0.659712962962963 0.8532478632478633 0.010425925925925918 0.013746438746438876
3 0.6727129629629629 0.7490598290598292 0.01357407407407415 0.007991452991452848
3 0.5630185185185185 0.7821794871794873 0.004768518518518602 0.0071509971509971255
3 0.49174074074074076 0.7506267806267807 0.00743518518518516 0.008376068376068531
3 0.4832777777777778 0.749957264957265 0.007379629629629655 0.006481481481481417
3 0.5244074074074074 0.7225641025641025 0.011777777777777804 0.007364672364672306
3 0.5704351851851852 0.7818518518518519 0.007175925925925926 0.008732193732193888
1 0.5650277777777778 0.6883903133903134 0.008916666666666767 0.009871794871794801