3 0.10487962962962964 0.7210277777777777 0.04091666666666668 0.07712499999999996
3 0.01838888888888889 0.7459861111111111 0.03677777777777778 0.07927777777777775
3 0.8268425925925926 0.9310416666666667 0.1376481481481482 0.13661111111111096
3 0.8608425925925927 0.8750555555555555 0.06299074074074072 0.10559722222222219
3 0.8839814814814815 0.7225833333333334 0.07120370370370378 0.06362499999999992
3 0.9549444444444444 0.7234444444444444 0.06061111111111114 0.06394444444444439
3 0.5218425925925926 0.6533888888888889 0.03692592592592603 0.029138888888888916
3 0.5511944444444444 0.6468055555555555 0.01993518518518516 0.020847222222222208
2 0.5317777777777778 0.467 0.06647222222222218 0.09518055555555552
2 0.0574537037037037 0.37876388888888884 0.11489814814814815 0.20109722222222218
1 0.7948611111111111 0.05827777777777777 0.09081481481481475 0.11654166666666667
1 0.9149444444444444 0.2131388888888889 0.06530555555555553 0.06262499999999996
3 0.3559722222222222 0.604111111111111 0.016833333333333287 0.027541666666666725
3 0.3933148148148148 0.5977222222222223 0.01779629629629632 0.021611111111111036