2 0.9399166666666667 0.781965811965812 0.03104629629629627 0.06376068376068375
1 0.938138888888889 0.7268233618233618 0.015805555555555496 0.013390313390313439
3 0.9302407407407407 0.8844729344729344 0.00820370370370361 0.017806267806267807
3 0.9515925925925927 0.880968660968661 0.013648148148148052 0.02001424501424495
1 0.8849166666666667 0.7296296296296297 0.015990740740740726 0.023931623931623867
3 0.8499722222222222 0.8772934472934473 0.009555555555555496 0.020569800569800647
3 0.8684907407407407 0.8755840455840456 0.012666666666666725 0.022136752136752084
2 0.67125 0.6956410256410256 0.02178703703703701 0.03480056980056973
3 0.6633796296296297 0.74002849002849 0.009888888888888947 0.0094444444444446
3 0.6725462962962964 0.7404273504273504 0.007037037037036953 0.00669515669515676
1 0.5488796296296296 0.6666524216524217 0.008111111111111102 0.012179487179487115
3 0.5469907407407407 0.7496866096866096 0.003287037037036995 0.006025641025641052