1 0.5054814814814814 0.6565811965811966 0.007842592592592618 0.009017094017094076
2 0.9416203703703704 0.7867806267806269 0.026037037037036935 0.053803418803418775
1 0.946675925925926 0.745997150997151 0.01814814814814817 0.017606837606837466
3 0.9304351851851852 0.8809259259259259 0.00906481481481478 0.01911680911680922
3 0.9517314814814813 0.8821509971509971 0.01555555555555562 0.014829059829059946
3 0.8677037037037038 0.8751566951566951 0.013074074074073972 0.015655270655270666
3 0.8501574074074074 0.8771937321937321 0.010601851851851894 0.019074074074074215
1 0.8635462962962963 0.6894586894586895 0.014388888888888856 0.013561253561253536
2 0.86325 0.728988603988604 0.01897222222222223 0.04368945868945871
2 0.6684907407407408 0.6796866096866097 0.016657407407407416 0.03689458689458686
3 0.6627592592592593 0.7405413105413106 0.011138888888888863 0.008418803418803536
3 0.6725740740740741 0.7404558404558403 0.007379629629629655 0.006581196581196426
3 0.4972777777777777 0.7282621082621082 0.009148148148148249 0.007037037037037115
3 0.5106203703703704 0.7300000000000001 0.009203703703703754 0.004572649572649625