3 0.3035555555555555 0.9323646723646724 0.020620370370370355 0.016410256410256386
3 0.3179166666666667 0.9255413105413106 0.01266666666666662 0.013732193732193875
3 0.3723703703703704 0.8067236467236468 0.017259259259259245 0.010584045584045675
2 0.3734537037037037 0.7260541310541311 0.017907407407407438 0.04594017094017102
1 0.33085185185185184 0.7544871794871795 0.017898148148148187 0.018561253561253523
1 0.8013703703703704 0.7005128205128205 0.01909259259259249 0.013262108262108184
2 0.925287037037037 0.8107407407407408 0.03283333333333337 0.03981481481481488
3 0.9138425925925926 0.9207264957264958 0.010435185185185169 0.01270655270655281
3 0.9384074074074075 0.9216524216524217 0.015370370370370286 0.011011396011396037
3 0.6416296296296297 0.8288319088319088 0.014611111111111085 0.010783475783475693
3 0.6622870370370371 0.828076923076923 0.008111111111111102 0.014358974358974255
1 0.6521296296296296 0.6826780626780626 0.012157407407407509 0.01252136752136747
3 0.8119351851851851 0.8316951566951567 0.014250000000000092 0.01843304843304851
3 0.7940833333333334 0.8332905982905984 0.008277777777777828 0.022307692307692424