3 0.3035555555555555 0.9323646723646724 0.020620370370370355 0.016410256410256386
3 0.3179166666666667 0.9255413105413106 0.01266666666666662 0.013732193732193875
3 0.3723703703703704 0.8067236467236468 0.017259259259259245 0.010584045584045675
2 0.3729166666666667 0.7245156695156695 0.01898148148148148 0.050783475783475834
1 0.30506481481481484 0.7403988603988604 0.017370370370370362 0.017905982905982814
1 0.6699074074074074 0.737037037037037 0.017851851851851827 0.02150997150997146
2 0.9233055555555555 0.7991310541310541 0.028861111111111178 0.06242165242165233
1 0.9203518518518519 0.7471225071225072 0.015592592592592517 0.020270655270655295
3 0.9138425925925926 0.9207264957264958 0.010435185185185169 0.01270655270655281
3 0.9384074074074075 0.9216524216524217 0.015370370370370286 0.011011396011396037
1 0.6522407407407407 0.683903133903134 0.014398148148148106 0.014316239316239252
3 0.64025 0.8288319088319088 0.01185185185185181 0.010783475783475693
3 0.6682870370370371 0.9103703703703704 0.0187685185185185 0.035170940170940246