3 0.2133888888888889 0.7429722222222223 0.04293518518518519 0.0844861111111111
3 0.29930555555555555 0.713625 0.045490740740740734 0.065875
3 0.6982962962962963 0.8579305555555556 0.08378703703703705 0.16111111111111112
3 0.7535185185185185 0.8405694444444445 0.06987962962962965 0.1385833333333333
2 0.3695462962962963 0.476625 0.03772222222222223 0.08506944444444445
1 0.36925 0.4129305555555556 0.021666666666666647 0.02472222222222216
3 0.3503981481481482 0.6138750000000001 0.011870370370370417 0.01683333333333334
3 0.3830648148148148 0.6104166666666667 0.01691666666666665 0.018875000000000045
3 0.40626851851851853 0.5930277777777778 0.020314814814814865 0.011486111111111086
3 0.4471574074074074 0.5763194444444444 0.011814814814814806 0.007444444444444464
3 0.4342037037037037 0.5759305555555556 0.009231481481481507 0.006361111111111168