2 0.06076851851851851 0.4513888888888889 0.12152777777777778 0.25
2 0.8651666666666666 0.4392361111111111 0.09606481481481481 0.17708333333333334
2 0.4220185185185185 0.5063055555555556 0.017527777777777732 0.040333333333333284
3 0.4158611111111111 0.5704027777777778 0.007879629629629622 0.017069444444444394
3 0.43059259259259264 0.5704027777777778 0.0099166666666667 0.015319444444444406
3 0.5598333333333333 0.5909722222222222 0.011666666666666582 0.019694444444444376
3 0.8422592592592593 0.7049722222222221 0.06713888888888889 0.07215277777777776
3 0.9169166666666666 0.7403055555555556 0.06212962962962955 0.06763888888888896
3 0.6443518518518518 0.8229722222222222 0.042092592592592626 0.11573611111111101
3 0.7505740740740741 0.8199722222222222 0.09219444444444438 0.10372222222222231
0 0.6869351851851851 0.21570833333333334 0.08317592592592586 0.049597222222222195
0 0.8407592592592592 0.3276805555555556 0.06413888888888887 0.05111111111111113