0 0.6730833333333333 0.2215138888888889 0.06642592592592593 0.041847222222222216
0 0.8499814814814814 0.3214861111111111 0.047379629629629695 0.02790277777777774
2 0.8617222222222222 0.44104166666666667 0.0912222222222222 0.17402777777777775
2 0.4228240740740741 0.5043055555555556 0.020277777777777756 0.038333333333333365
3 0.4159259259259259 0.5734722222222222 0.006666666666666709 0.01083333333333327
3 0.43106481481481485 0.5718055555555556 0.00990740740740745 0.010555555555555587
3 0.5503703703703704 0.5804861111111111 0.009629629629629714 0.02513888888888892
3 0.6432037037037037 0.8171666666666667 0.04041666666666675 0.1043333333333335
3 0.7456111111111111 0.8270694444444444 0.07643518518518515 0.10433333333333318
3 0.8434907407407408 0.7045833333333333 0.0599351851851852 0.054027777777777744
3 0.9082407407407407 0.7340694444444444 0.062407407407407495 0.06433333333333333
3 0.10049074074074074 0.7546944444444444 0.07175925925925926 0.05773611111111102
2 0.05883333333333333 0.4379166666666667 0.10919444444444446 0.2321805555555555