3 0.5385000000000001 0.6492222222222223 0.013342592592592668 0.01943055555555557
3 0.5593148148148147 0.6445138888888889 0.008712962962963039 0.019416666666666693
3 0.054101851851851845 0.9447083333333334 0.016287037037037034 0.03512499999999995
3 0.010064814814814815 0.9689444444444444 0.018407407407407407 0.04243055555555549
3 0.037333333333333336 0.47495833333333337 0.013537037037037042 0.010569444444444463
1 0.05259259259259259 0.46344444444444444 0.01766666666666667 0.018944444444444427
3 0.05368518518518518 0.6424722222222222 0.0215925925925926 0.015111111111111105
1 0.03475 0.49274999999999997 0.01780555555555556 0.01899999999999993
2 0.06147222222222222 0.49827777777777776 0.023185185185185177 0.04341666666666665
3 0.08041666666666666 0.5737361111111111 0.01662037037037036 0.014013888888888933
3 0.0651111111111111 0.5752916666666666 0.01037037037037036 0.01154166666666659