2 0.8599537037037037 0.4359166666666667 0.0897407407407408 0.17263888888888887
2 0.0542037037037037 0.4351388888888889 0.10787037037037037 0.2186805555555555
2 0.4220277777777778 0.504 0.019018518518518483 0.03681944444444443
3 0.6436851851851851 0.8222083333333333 0.044972222222222163 0.09251388888888876
3 0.7455185185185185 0.8272083333333333 0.06462037037037034 0.10727777777777779
3 0.840287037037037 0.7083055555555556 0.06539814814814825 0.04794444444444442
3 0.9119074074074074 0.7387777777777778 0.0642685185185186 0.06129166666666674
3 0.10244444444444444 0.7574027777777779 0.0695648148148148 0.06319444444444444
3 0.4991388888888889 0.572 0.014259259259259343 0.012263888888888946
3 0.5176944444444445 0.56875 0.01282407407407399 0.008361111111111087
3 0.4159259259259259 0.5734583333333333 0.00850925925925931 0.0119305555555556
3 0.43171296296296297 0.5727777777777777 0.010203703703703687 0.01122222222222228
0 0.6982592592592592 0.21205555555555555 0.07615740740740741 0.04674999999999996
0 0.8498333333333333 0.31881944444444443 0.05734259259259265 0.035847222222222225
0 0.5053981481481482 0.46422222222222226 0.011768518518518551 0.0088055555555556