0 0.7013148148148147 0.21129166666666666 0.08271296296296289 0.041666666666666664
0 0.849962962962963 0.32231944444444444 0.05784259259259262 0.035347222222222204
2 0.8633148148148148 0.4375416666666666 0.10891666666666655 0.17979166666666668
3 0.6415277777777778 0.8246111111111112 0.047351851851851944 0.09204166666666665
3 0.7458148148148148 0.8297777777777778 0.06609259259259269 0.0990416666666666
3 0.8397129629629629 0.7071111111111111 0.06474074074074081 0.04984722222222228
3 0.10011111111111111 0.7572500000000001 0.07148148148148147 0.06247222222222225
3 0.4893611111111111 0.5684444444444444 0.010398148148148165 0.015625
3 0.5028055555555555 0.5730277777777778 0.011509259259259318 0.009208333333333327
3 0.41587037037037033 0.5731805555555556 0.0084537037037037 0.011236111111111155
3 0.4318703703703704 0.5740138888888889 0.011212962962962975 0.00770833333333327
2 0.05750925925925926 0.43668055555555557 0.11500925925925927 0.2260833333333333
2 0.4224722222222222 0.5049027777777777 0.020018518518518522 0.035861111111111184
0 0.4980185185185185 0.4635 0.01216666666666676 0.008236111111111041
3 0.9136481481481482 0.7409583333333334 0.06487037037037031 0.0644444444444445