3 0.5385000000000001 0.6492222222222223 0.013342592592592668 0.01943055555555557
3 0.5593148148148147 0.6445138888888889 0.008712962962963039 0.019416666666666693
3 0.054101851851851845 0.9447083333333334 0.016287037037037034 0.03512499999999995
3 0.010064814814814815 0.9689444444444444 0.018407407407407407 0.04243055555555549
1 0.054037037037037036 0.46320833333333333 0.01766666666666667 0.018944444444444427
2 0.06041666666666667 0.49859722222222225 0.023185185185185177 0.04341666666666665
3 0.08043518518518519 0.5740138888888889 0.016694444444444446 0.01295833333333339
3 0.06457407407407408 0.5744027777777778 0.010972222222222217 0.013277777777777703
3 0.036953703703703704 0.47323611111111114 0.012333333333333326 0.010097222222222197
1 0.09788888888888889 0.40147222222222223 0.015064814814814824 0.011361111111111042
3 0.11612962962962962 0.5148194444444445 0.007398148148148143 0.013055555555555523