3 0.2170925925925926 0.7433888888888889 0.03894444444444445 0.07351388888888889
3 0.3011944444444445 0.7183472222222222 0.0386018518518518 0.058124999999999954
3 0.3496759259259259 0.6124583333333333 0.013018518518518468 0.018124999999999936
3 0.38406481481481486 0.6119722222222223 0.016787037037037034 0.01788888888888888
3 0.40608333333333335 0.5935833333333334 0.019833333333333297 0.009500000000000045
3 0.43439814814814814 0.5748472222222222 0.009083333333333284 0.009013888888888901
3 0.44656481481481486 0.5749027777777778 0.011398148148148098 0.009166666666666698
2 0.3677685185185185 0.48034722222222226 0.03797222222222221 0.0856666666666666
1 0.3673888888888889 0.41018055555555555 0.022249999999999975 0.022569444444444444
3 0.5142777777777777 0.6373888888888889 0.019453703703703695 0.04075000000000004
3 0.4853518518518518 0.6268472222222222 0.013879629629629638 0.04095833333333335