3 0.10487962962962964 0.7210277777777777 0.04091666666666668 0.07712499999999996
3 0.01838888888888889 0.7459861111111111 0.03677777777777778 0.07927777777777775
3 0.8230555555555555 0.9665138888888889 0.14613888888888882 0.06695833333333338
3 0.8639444444444444 0.8720972222222222 0.06299074074074072 0.10559722222222219
3 0.8839814814814815 0.7225833333333334 0.07120370370370378 0.06362499999999992
3 0.9549444444444444 0.7234444444444444 0.06061111111111114 0.06394444444444439
3 0.5239814814814815 0.6549583333333333 0.033064814814814845 0.028499999999999973
3 0.550425925925926 0.6465000000000001 0.01723148148148139 0.019291666666666648
2 0.5364814814814814 0.44695833333333335 0.05380555555555546 0.1082083333333333
2 0.05978703703703703 0.37755555555555553 0.10524074074074073 0.20109722222222218
3 0.3484537037037037 0.5985416666666666 0.011981481481481532 0.037888888888888854
3 0.3838148148148148 0.6009583333333334 0.018481481481481515 0.015541666666666742
1 0.7823425925925925 0.04951388888888888 0.11906481481481473 0.09770833333333333