3 0.6592962962962963 0.8510968660968662 0.010388888888888914 0.016581196581196722
3 0.64175 0.8531766381766381 0.008324074074074083 0.019472934472934578
3 0.6734351851851851 0.7487037037037038 0.014425925925925858 0.008589743589743551
3 0.5552777777777779 0.7759971509971509 0.0052962962962963215 0.009002849002848912
3 0.5635833333333333 0.7778490028490028 0.005666666666666566 0.00846153846153854
3 0.5241574074074075 0.721965811965812 0.012361111111111028 0.0073076923076923015
3 0.48226851851851854 0.7504415954415954 0.0060370370370370205 0.007165242165242126
3 0.4901759259259259 0.7511538461538461 0.008805555555555547 0.006139601139601062
2 0.48814814814814816 0.6923504273504273 0.011398148148148098 0.030341880341880276
2 0.5244166666666666 0.6716666666666666 0.01187037037037031 0.029928774928774916
2 0.6490185185185186 0.7588034188034187 0.026101851851851904 0.0488746438746438
2 0.6715462962962963 0.7042165242165243 0.022981481481481422 0.015313390313390313
1 0.5592314814814815 0.6863960113960115 0.007833333333333367 0.008931623931623906