3 0.19139814814814815 0.8475 0.08615740740740742 0.10340277777777784
3 0.06237037037037037 0.8718472222222222 0.08291666666666665 0.10962500000000008
3 0.7434074074074074 0.769625 0.05825925925925933 0.05400000000000015
3 0.962425925925926 0.7485138888888888 0.07420370370370369 0.059152777777777665
3 0.9163333333333334 0.7040694444444444 0.06975000000000003 0.044722222222222205
2 0.12637962962962965 0.40868055555555555 0.13834259259259257 0.2966944444444444
1 0.7179907407407407 0.298375 0.06348148148148143 0.052361111111111094
1 0.8538611111111111 0.29668055555555556 0.06313888888888894 0.0683888888888889
3 0.48900925925925925 0.6894305555555555 0.0455555555555556 0.03593055555555556
3 0.45163888888888887 0.6914305555555554 0.025509259259259218 0.046527777777777696
1 0.4154351851851852 0.4702361111111111 0.01189814814814817 0.014833333333333264
2 0.4242037037037037 0.497875 0.013027777777777824 0.03983333333333326
3 0.42842592592592593 0.5710277777777778 0.014962962962962933 0.009222222222222203