0 0.682324074074074 0.21219444444444444 0.06507407407407405 0.045263888888888854
0 0.8567870370370371 0.3197083333333333 0.04621296296296304 0.031125000000000035
2 0.8659351851851852 0.4383472222222222 0.08534259259259266 0.17963888888888893
2 0.4226018518518519 0.5044027777777778 0.020657407407407357 0.04002777777777785
3 0.4157962962962963 0.5749027777777778 0.00705555555555556 0.00955555555555555
3 0.431037037037037 0.5737361111111111 0.009981481481481456 0.007236111111111162
3 0.5330092592592592 0.5681527777777777 0.011444444444444353 0.02730555555555551
3 0.5495185185185185 0.5789861111111111 0.011444444444444353 0.011819444444444431
3 0.6545648148148148 0.8260972222222221 0.04682407407407402 0.10688888888888894
3 0.7604351851851852 0.8306805555555556 0.09975925925925927 0.10383333333333332
3 0.8434166666666667 0.7094722222222222 0.06520370370370378 0.043944444444444425
3 0.9109907407407407 0.7342777777777777 0.06614814814814819 0.0652083333333334
3 0.09638888888888889 0.7541111111111112 0.07371296296296298 0.0652083333333334
2 0.06000925925925926 0.4415555555555556 0.1124537037037037 0.21120833333333336