2 0.047481481481481486 0.7826944444444444 0.040055555555555546 0.09552777777777774
2 0.5419537037037037 0.5655833333333333 0.028870370370370428 0.06512499999999997
1 0.566787037037037 0.6238333333333334 0.022509259259259208 0.0340138888888889
1 0.01801851851851852 0.3777638888888889 0.012185185185185184 0.011305555555555537
3 0.058212962962962966 0.9446527777777778 0.03616666666666667 0.028861111111111074
3 0.33284259259259263 0.9397916666666666 0.03037962962962958 0.022777777777777904
3 0.3518796296296296 0.9127361111111111 0.013018518518518468 0.01686111111111125
3 0.5877037037037037 0.8618611111111111 0.01304629629629622 0.029055555555555657
3 0.5526574074074074 0.8670833333333333 0.01261111111111101 0.01927777777777793
3 0.5339444444444444 0.6578055555555555 0.014361111111111102 0.013902777777777766
3 0.03697222222222222 0.4754722222222222 0.014472222222222218 0.00955555555555555