3 0.6599722222222222 0.8543304843304843 0.010101851851851928 0.012407407407407459
3 0.6406944444444445 0.8562535612535613 0.0070092592592592 0.010584045584045675
3 0.6738425925925926 0.7485612535612536 0.013962962962962896 0.009686609686609622
3 0.5243518518518518 0.722051282051282 0.01175000000000005 0.0073361823361823035
3 0.4822592592592593 0.7507122507122507 0.006601851851851953 0.005641025641025693
3 0.49026851851851855 0.751125356125356 0.009111111111111035 0.006182336182336066
2 0.5235462962962962 0.6707834757834757 0.013944444444444395 0.030398860398860444
2 0.4858333333333334 0.6928774928774929 0.012990740740740716 0.03210826210826206
2 0.6503425925925926 0.7600997150997152 0.022111111111111213 0.05102564102564094
2 0.6731944444444444 0.6901994301994302 0.011814814814814806 0.031082621082621154
1 0.6489537037037038 0.7024358974358974 0.009749999999999974 0.014800569800569782