2 0.6494907407407408 0.7594871794871795 0.02337962962962963 0.049458689458689496
2 0.48712962962962963 0.6924501424501425 0.011037037037037104 0.033490028490028474
2 0.5242592592592593 0.6705840455840456 0.011546296296296322 0.030113960113960093
2 0.6722407407407407 0.6902421652421653 0.012092592592592542 0.03222222222222223
3 0.6415185185185186 0.854045584045584 0.008546296296296314 0.013732193732193875
3 0.6601851851851852 0.8531908831908833 0.010425925925925918 0.013746438746438876
3 0.6727129629629629 0.7490598290598292 0.01357407407407415 0.007991452991452848
3 0.49070370370370375 0.7507407407407407 0.006842592592592686 0.0074643874643874775
3 0.4832777777777778 0.749957264957265 0.007379629629629655 0.006481481481481417
3 0.5244074074074074 0.7225641025641025 0.011777777777777804 0.007364672364672306
3 0.5731388888888889 0.7882478632478633 0.0051574074074073484 0.007122507122507123
3 0.5789629629629629 0.7863532763532763 0.004861111111111111 0.008019943019943175
1 0.5747314814814816 0.6909686609686609 0.010222222222222188 0.01076923076923069