3 0.08593518518518518 0.7246944444444444 0.04200925925925926 0.04773611111111104
3 0.3564537037037037 0.7285138888888889 0.03819444444444445 0.04773611111111104
3 0.32336111111111115 0.7027361111111111 0.022916666666666665 0.034375
3 0.5550555555555556 0.5814722222222223 0.015277777777777777 0.021000000000000005
3 0.5708148148148149 0.58425 0.009574074074073999 0.013402777777777746
2 0.639037037037037 0.43062500000000004 0.06277777777777774 0.13056944444444443
3 0.6273148148148148 0.65975 0.0393425925925926 0.06151388888888884
3 0.659962962962963 0.6428055555555555 0.049379629629629565 0.05273611111111115
0 0.6386203703703704 0.3377222222222222 0.04519444444444439 0.022597222222222196
3 0.7624907407407407 0.7934583333333333 0.07867592592592595 0.11048611111111105
3 0.8639351851851852 0.8016249999999999 0.07231481481481473 0.0941666666666666
1 0.05439814814814815 0.2916666666666667 0.07407407407407407 0.059027777777777776
1 0.3385462962962963 0.3125 0.04513888888888889 0.052083333333333336
1 0.5503518518518519 0.4574722222222222 0.02662037037037037 0.029513888888888888