3 0.7558703703703704 0.781375 0.06209259259259254 0.05283333333333328
3 0.8637685185185185 0.7882222222222222 0.06193518518518528 0.05674999999999986
1 0.7986944444444445 0.11708333333333333 0.07087037037037033 0.07365277777777778
0 0.6397407407407407 0.3400694444444444 0.039685185185185094 0.013180555555555569
3 0.6272407407407407 0.6617777777777778 0.03584259259259263 0.03140277777777779
3 0.6612777777777777 0.6473055555555556 0.03329629629629633 0.03597222222222219
3 0.5516851851851853 0.5826111111111112 0.013814814814814882 0.012083333333333397
3 0.5712870370370371 0.5851388888888889 0.009000000000000025 0.011499999999999962
1 0.5488148148148149 0.45959722222222227 0.013861111111111137 0.019861111111111048
1 0.34244444444444444 0.36713888888888885 0.0349351851851852 0.035180555555555576
3 0.3312962962962963 0.6540833333333333 0.013018518518518468 0.025361111111111098
3 0.3477314814814815 0.6694166666666667 0.021046296296296313 0.023958333333333335
3 0.08565740740740742 0.7305138888888889 0.04888888888888887 0.03773611111111121
1 0.052055555555555556 0.2962361111111111 0.060712962962962955 0.055305555555555545