3 0.10487962962962964 0.7210277777777777 0.04091666666666668 0.07712499999999996
3 0.01838888888888889 0.7459861111111111 0.03677777777777778 0.07927777777777775
3 0.8230555555555555 0.9665138888888889 0.14613888888888882 0.06695833333333338
3 0.8639444444444444 0.8720972222222222 0.06299074074074072 0.10559722222222219
3 0.8839814814814815 0.7225833333333334 0.07120370370370378 0.06362499999999992
3 0.9549444444444444 0.7234444444444444 0.06061111111111114 0.06394444444444439
3 0.5239814814814815 0.6549583333333333 0.033064814814814845 0.028499999999999973
3 0.550425925925926 0.6465000000000001 0.01723148148148139 0.019291666666666648
2 0.5364814814814814 0.44695833333333335 0.05380555555555546 0.1082083333333333
2 0.05978703703703703 0.37755555555555553 0.10524074074074073 0.20109722222222218
3 0.3465648148148148 0.6129166666666667 0.018333333333333292 0.014194444444444482
3 0.38424074074074077 0.5958055555555556 0.017749999999999964 0.02790277777777782
1 0.7815 0.054458333333333324 0.12078703703703708 0.09838888888888889