3 0.6437407407407407 0.8206111111111112 0.044796296296296396 0.10429166666666655
3 0.7442685185185185 0.8236527777777778 0.06075925925925916 0.1027638888888889
3 0.8407037037037037 0.7074166666666666 0.06498148148148154 0.04613888888888885
3 0.9096018518518518 0.7377916666666667 0.06056481481481489 0.06252777777777775
3 0.09843518518518518 0.7559305555555556 0.06820370370370368 0.06163888888888904
3 0.4157314814814815 0.5733194444444445 0.007212962962962929 0.01154166666666659
3 0.43063888888888885 0.5732777777777778 0.009027777777777777 0.009472222222222292
3 0.5322222222222222 0.5742083333333333 0.008268518518518578 0.01058333333333334
3 0.5502222222222223 0.5742777777777778 0.011407407407407349 0.013486111111111162
2 0.06182407407407407 0.4380833333333334 0.12316666666666667 0.2306805555555556
2 0.860287037037037 0.43556944444444445 0.1058333333333333 0.18983333333333338
2 0.4228148148148148 0.50375 0.017648148148148097 0.03593055555555556
0 0.6889722222222222 0.20630555555555555 0.06279629629629624 0.03384722222222223
0 0.8548796296296296 0.3187222222222222 0.04495370370370366 0.025