3 0.3241203703703704 0.8778490028490028 0.011416666666666705 0.015213675213675304
3 0.34857407407407404 0.8776923076923077 0.013194444444444444 0.014472934472934589
3 0.4791018518518518 0.733960113960114 0.012972222222222213 0.010327635327635327
3 0.5614444444444444 0.7562678062678062 0.010249999999999941 0.008803418803418894
3 0.5713981481481482 0.757934472934473 0.008666666666666574 0.008589743589743551
1 0.6043055555555555 0.673105413105413 0.012537037037037003 0.012564102564102635
1 0.5548981481481481 0.6646296296296296 0.012055555555555538 0.013732193732193712
1 0.48111111111111116 0.6536609686609687 0.008435185185185093 0.0114245014245014
3 0.6116018518518518 0.7668803418803419 0.01002777777777771 0.016794871794871744
2 0.5740740740740741 0.6878632478632478 0.010944444444444385 0.03783475783475776
3 0.5969907407407408 0.7662678062678062 0.010935185185185135 0.014131054131054234