3 0.6592962962962963 0.8510968660968662 0.010388888888888914 0.016581196581196722
3 0.64175 0.8531766381766381 0.008324074074074083 0.019472934472934578
3 0.6734351851851851 0.7487037037037038 0.014425925925925858 0.008589743589743551
3 0.5562962962962963 0.7754558404558405 0.004370370370370396 0.008091168091168182
3 0.5615925925925925 0.7736752136752136 0.004444444444444402 0.009216524216524255
3 0.5241574074074075 0.721965811965812 0.012361111111111028 0.0073076923076923015
3 0.48226851851851854 0.7504415954415954 0.0060370370370370205 0.007165242165242126
3 0.4901759259259259 0.7511538461538461 0.008805555555555547 0.006139601139601062
2 0.4865462962962963 0.693005698005698 0.011398148148148098 0.030341880341880276
2 0.5244166666666666 0.6716666666666666 0.01187037037037031 0.029928774928774916
2 0.6490185185185186 0.7588034188034187 0.026101851851851904 0.0488746438746438
2 0.6740462962962963 0.6991025641025641 0.014796296296296313 0.018675213675213694
1 0.5576388888888889 0.6827635327635327 0.009620370370370463 0.010071225071225142