0 0.6380648148148148 0.3375694444444445 0.04126851851851846 0.014902777777777803
2 0.6388333333333334 0.4281111111111111 0.06418518518518512 0.12723611111111113
3 0.6269814814814815 0.6573611111111112 0.03591666666666663 0.05616666666666659
3 0.6567870370370371 0.6436111111111111 0.037444444444444495 0.042416666666666616
3 0.551712962962963 0.5834305555555556 0.012222222222222264 0.029805555555555606
3 0.5715833333333333 0.5840000000000001 0.015287037037037028 0.01719444444444444
3 0.35762037037037037 0.6808611111111111 0.02903703703703705 0.043555555555555577
3 0.32552777777777775 0.7060694444444444 0.025981481481481432 0.029805555555555606
3 0.7568888888888889 0.7885972222222222 0.07412037037037032 0.059597222222222336
3 0.8657777777777778 0.7880277777777778 0.06265740740740748 0.07450000000000014
3 0.08281481481481481 0.7226666666666668 0.05521296296296296 0.0650694444444444
1 0.05382407407407407 0.29775 0.06597222222222222 0.08506944444444445
1 0.3425925925925926 0.3368055555555556 0.034722222222222224 0.052083333333333336
1 0.5520833333333334 0.4600694444444444 0.013888888888888888 0.020833333333333332