2 0.058861111111111114 0.5952361111111111 0.11772222222222223 0.2142916666666666
3 0.10648148148148148 0.751986111111111 0.056879629629629634 0.06745833333333325
3 0.4887592592592593 0.6855138888888889 0.041009259259259224 0.057541666666666595
3 0.5535740740740741 0.6706388888888889 0.027777777777777776 0.0595277777777778
3 0.6435185185185185 0.8263888888888888 0.046296296296296294 0.11309722222222231
3 0.7473518518518518 0.8174583333333334 0.06878703703703701 0.1230138888888888
0 0.6813240740740741 0.20254166666666668 0.05648148148148148 0.04501388888888892
0 0.5189351851851852 0.329625 0.030888888888888796 0.022499999999999985
2 0.4229537037037037 0.5053611111111111 0.024268518518518554 0.041694444444444416
0 0.8196574074074074 0.5136388888888889 0.0348611111111112 0.021180555555555557
0 0.8167962962962962 0.509 0.03530555555555566 0.029125000000000036
2 0.8752592592592592 0.5771805555555556 0.11517592592592601 0.08074999999999997