2 0.7492777777777778 0.8088034188034188 0.032731481481481396 0.07247863247863263
3 0.7397685185185185 0.9175783475783476 0.014268518518518594 0.016153846153846036
3 0.7630833333333333 0.9192450142450141 0.01691666666666665 0.019472934472934578
2 0.5616944444444444 0.804985754985755 0.028638888888888946 0.05720797720797732
1 0.5626666666666666 0.7512108262108262 0.01777777777777782 0.019971509971509947
3 0.554962962962963 0.9260398860398861 0.01315740740740744 0.021182336182336028
3 0.5711759259259259 0.9224643874643875 0.017046296296296372 0.017692307692307795
1 0.5576851851851852 0.6542307692307692 0.008129629629629605 0.008148148148148187
2 0.5570925925925926 0.6818233618233618 0.012648148148148224 0.030056980056980088
3 0.5236759259259259 0.8017236467236466 0.010175925925925934 0.010142450142449987
3 0.2507962962962963 0.8602706552706553 0.016231481481481458 0.013062678062678166
3 0.228 0.8598575498575499 0.011361111111111094 0.012222222222222119
1 0.23763888888888887 0.7160826210826211 0.012027777777777787 0.012407407407407459
1 0.5291111111111112 0.6844017094017094 0.012740740740740733 0.01742165242165245
3 0.5610185185185185 0.7292592592592593 0.007259259259259183 0.005441595441595513
3 0.535537037037037 0.800997150997151 0.012027777777777787 0.012649572649572805
3 0.5528425925925926 0.72505698005698 0.0034629629629629715 0.014002849002848981