3 0.21491666666666667 0.7450694444444446 0.04297222222222219 0.07148611111111115
3 0.2994444444444444 0.7168333333333333 0.04137037037037032 0.05938888888888887
3 0.38462037037037033 0.6119444444444445 0.016064814814814837 0.015402777777777822
3 0.3502314814814815 0.6130833333333333 0.013074074074074078 0.017694444444444457
3 0.4061666666666667 0.5893611111111111 0.01859259259259263 0.016888888888888846
3 0.44811111111111107 0.5733333333333334 0.01206481481481479 0.011777777777777804
3 0.43449074074074073 0.5753472222222222 0.009111111111111141 0.008111111111111156
2 0.3661851851851852 0.47779166666666667 0.03811111111111108 0.08908333333333332
1 0.3667592592592593 0.41277777777777774 0.022046296296296244 0.026124999999999923
3 0.6533148148148149 0.6654722222222222 0.028675925925925952 0.03668055555555551
3 0.6889166666666666 0.6588194444444445 0.021231481481481542 0.04862499999999999