1 0.4667222222222222 0.6574643874643875 0.007620370370370388 0.007920227920227842
2 0.9391111111111111 0.7795014245014246 0.032138888888888925 0.05317663817663807
1 0.9387685185185185 0.7277492877492877 0.017250000000000102 0.016210826210826285
3 0.9304351851851852 0.8812393162393163 0.00906481481481478 0.01911680911680922
3 0.9517314814814813 0.8821509971509971 0.01555555555555562 0.014829059829059946
3 0.8677037037037038 0.8751566951566951 0.013074074074073972 0.015655270655270666
3 0.8501574074074074 0.8771937321937321 0.010601851851851894 0.019074074074074215
1 0.8726851851851852 0.7043162393162393 0.014425925925925858 0.020384615384615307
2 0.8659629629629629 0.7340883190883192 0.021268518518518544 0.042977207977208
2 0.6684907407407408 0.6796866096866097 0.016657407407407416 0.03689458689458686
3 0.6627592592592593 0.7405413105413106 0.011138888888888863 0.008418803418803536
3 0.6725740740740741 0.7404558404558403 0.007379629629629655 0.006581196581196426
3 0.47091666666666665 0.7324358974358974 0.004518518518518515 0.009615384615384616
3 0.46349074074074076 0.7324643874643876 0.0038518518518518225 0.008490028490028542