3 0.2170925925925926 0.7433888888888889 0.03894444444444445 0.07351388888888889
3 0.3011944444444445 0.7183472222222222 0.0386018518518518 0.058124999999999954
3 0.3496759259259259 0.6124583333333333 0.013018518518518468 0.018124999999999936
3 0.38406481481481486 0.6119722222222223 0.016787037037037034 0.01788888888888888
3 0.4064351851851852 0.5933194444444444 0.019833333333333297 0.009500000000000045
3 0.43439814814814814 0.5762222222222222 0.009083333333333284 0.007361111111111048
3 0.4462962962962963 0.5761944444444445 0.011398148148148098 0.007930555555555606
2 0.3677685185185185 0.48034722222222226 0.03797222222222221 0.0856666666666666
1 0.3673888888888889 0.41018055555555555 0.022249999999999975 0.022569444444444444
3 0.5031296296296296 0.5633333333333334 0.012768518518518485 0.020736111111111042
3 0.4923888888888889 0.5685972222222222 0.008361111111111087 0.009444444444444382