2 0.9399166666666667 0.781965811965812 0.03104629629629627 0.06376068376068375
1 0.9375370370370371 0.7276353276353277 0.0169074074074074 0.015726495726495756
3 0.9302407407407407 0.8844729344729344 0.00820370370370361 0.017806267806267807
3 0.9515925925925927 0.880968660968661 0.013648148148148052 0.02001424501424495
1 0.8751018518518519 0.7008404558404558 0.012898148148148207 0.018974358974359045
3 0.8499722222222222 0.8772934472934473 0.009555555555555496 0.020569800569800647
3 0.8684907407407407 0.8755840455840456 0.012666666666666725 0.022136752136752084
2 0.6676481481481481 0.6833475783475783 0.016972222222222156 0.03512820512820508
3 0.6633796296296297 0.74002849002849 0.009888888888888947 0.0094444444444446
3 0.6725462962962964 0.7404273504273504 0.007037037037036953 0.00669515669515676
1 0.5497314814814815 0.6674501424501424 0.008111111111111102 0.012179487179487115
3 0.5532037037037038 0.7508831908831909 0.005037037037037087 0.008903133903133903
3 0.5468425925925926 0.7528062678062678 0.003407407407407466 0.00227920227920215