3 0.3567407407407407 0.7040277777777777 0.03027777777777782 0.08799999999999994
3 0.5512037037037036 0.58125 0.014194444444444378 0.021291666666666723
3 0.5724907407407407 0.5847916666666667 0.01703703703703712 0.019874999999999924
3 0.6283240740740741 0.6578888888888889 0.039740740740740806 0.06387500000000002
3 0.6614444444444445 0.6458333333333334 0.0492037037037038 0.053930555555555613
3 0.08752777777777777 0.7253194444444445 0.044472222222222225 0.04826388888888889
3 0.7603333333333333 0.7920277777777778 0.07853703703703697 0.07665277777777785
3 0.8682037037037037 0.7977083333333334 0.069074074074074 0.06812499999999994
2 0.6347499999999999 0.42804166666666665 0.06529629629629628 0.11355555555555555
0 0.6411018518518519 0.3393611111111111 0.040685185185185234 0.01963888888888887
1 0.05498148148148148 0.29254166666666664 0.061342592592592594 0.046875
1 0.3402777777777778 0.3211805555555556 0.046296296296296294 0.04861111111111111
1 0.5520833333333334 0.46094444444444443 0.013888888888888888 0.029513888888888888
1 0.8069444444444445 0.11991666666666667 0.06495370370370379 0.11491666666666668