2 0.9399166666666667 0.781965811965812 0.03104629629629627 0.06376068376068375
1 0.9384722222222222 0.7268091168091169 0.015453703703703754 0.013547008547008533
3 0.9302407407407407 0.8844729344729344 0.00820370370370361 0.017806267806267807
3 0.9515925925925927 0.880968660968661 0.013648148148148052 0.02001424501424495
1 0.8877685185185185 0.7702991452991453 0.015046296296296295 0.020071225071224955
3 0.8499722222222222 0.8772934472934473 0.009555555555555496 0.020569800569800647
3 0.8684907407407407 0.8755840455840456 0.012666666666666725 0.022136752136752084
2 0.6727777777777778 0.7046438746438747 0.02178703703703701 0.03950142450142453
3 0.6633796296296297 0.74002849002849 0.009888888888888947 0.0094444444444446
3 0.6725462962962964 0.7404273504273504 0.007037037037036953 0.00669515669515676
1 0.5468425925925926 0.665940170940171 0.008111111111111102 0.012179487179487115
3 0.5514259259259259 0.743917378917379 0.0069351851851851935 0.013176638176638177