3 0.3035555555555555 0.9323646723646724 0.020620370370370355 0.016410256410256386
3 0.3179166666666667 0.9255413105413106 0.01266666666666662 0.013732193732193875
3 0.3723703703703704 0.8067236467236468 0.017259259259259245 0.010584045584045675
2 0.3752407407407407 0.7316524216524216 0.01898148148148148 0.04720797720797727
1 0.30356481481481484 0.7407264957264957 0.020379629629629623 0.018561253561253523
1 0.7361203703703704 0.7179629629629629 0.01909259259259249 0.02096866096866101
2 0.9233055555555555 0.7991310541310541 0.028861111111111178 0.06242165242165233
1 0.9250277777777778 0.7474928774928775 0.015592592592592517 0.020270655270655295
3 0.9138425925925926 0.9207264957264958 0.010435185185185169 0.01270655270655281
3 0.9384074074074075 0.9216524216524217 0.015370370370370286 0.011011396011396037
1 0.6524722222222222 0.6837749287749287 0.014398148148148106 0.011410256410256397
3 0.6416296296296297 0.8288319088319088 0.014611111111111085 0.010783475783475693
3 0.6622870370370371 0.828076923076923 0.008111111111111102 0.014358974358974255
3 0.745462962962963 0.8756695156695157 0.01411111111111112 0.019273504273504233
3 0.7316851851851852 0.869928774928775 0.011388888888888846 0.029259259259259207