1 0.23148148148148148 0.6393194444444444 0.024861111111111132 0.026402777777777765
2 0.5486666666666666 0.5367083333333333 0.032712962962962895 0.07362499999999998
3 0.5449629629629629 0.6484722222222222 0.022268518518518476 0.016388888888888824
3 0.5516203703703704 0.6308472222222222 0.01411111111111112 0.01398611111111118
3 0.45828703703703705 0.7897361111111111 0.022055555555555603 0.026972222222222324
3 0.43930555555555556 0.7744861111111111 0.02704629629629633 0.020319444444444595
3 0.2575925925925926 0.8386805555555555 0.025925925925925925 0.020083333333333384
3 0.2796018518518519 0.8115277777777777 0.019240740740740715 0.028069444444444494
1 0.0125 0.5951388888888889 0.025 0.02638888888888889
2 0.02937962962962963 0.6648611111111111 0.05567592592592593 0.0998472222222222
3 0.036444444444444446 0.8229027777777778 0.03118518518518519 0.02172222222222236
3 0.05893518518518518 0.7959305555555556 0.019833333333333335 0.022652777777777702
2 0.04830555555555556 0.49450000000000005 0.03011111111111112 0.048194444444444505
3 0.06225925925925926 0.5833194444444445 0.008111111111111109 0.012194444444444407