1 0.5751944444444445 0.7683760683760683 0.01597222222222222 0.02898860398860386
1 0.5285648148148149 0.6841880341880342 0.011361111111111094 0.01390313390313389
2 0.6970833333333334 0.6949145299145298 0.015722222222222238 0.03364672364672365
2 0.7492129629629629 0.8079344729344728 0.029259259259259176 0.0760541310541312
2 0.5613981481481481 0.8090313390313391 0.02638888888888889 0.05955840455840448
3 0.6924722222222223 0.7478917378917379 0.005370370370370328 0.010541310541310672
3 0.7052037037037037 0.7506552706552707 0.007638888888888889 0.010683760683760684
3 0.7399722222222221 0.9205982905982906 0.012972222222222213 0.011709401709401749
3 0.7623425925925926 0.9211965811965811 0.01701851851851862 0.013376068376068518
3 0.5714537037037036 0.9260826210826211 0.017185185185185133 0.013831908831908884
3 0.5553425925925926 0.9285612535612536 0.0125 0.01911680911680922
3 0.5367962962962963 0.8024074074074073 0.017731481481481567 0.011495726495726406
3 0.5233703703703704 0.800042735042735 0.008916666666666767 0.011937321937322092
1 0.24769444444444444 0.718019943019943 0.012675925925925976 0.014615384615384603
3 0.2280185185185185 0.8592450142450143 0.009592592592592606 0.015641025641025666
3 0.25110185185185185 0.8612250712250713 0.015833333333333355 0.0140028490028489