2 0.06192592592592592 0.44358333333333333 0.11226851851851852 0.234375
2 0.8686388888888888 0.44531944444444443 0.10532407407407407 0.18229166666666666
2 0.42535185185185187 0.5052083333333334 0.024305555555555556 0.04513888888888889
0 0.6865370370370371 0.21469444444444447 0.08145370370370372 0.038402777777777744
0 0.8447962962962963 0.32813888888888887 0.07214814814814821 0.04188888888888893
3 0.10647222222222222 0.7549027777777777 0.07330555555555554 0.06109722222222223
3 0.4157777777777778 0.5725972222222222 0.007370370370370404 0.01875
3 0.43117592592592596 0.5724305555555556 0.010046296296296317 0.010375000000000039
3 0.5478148148148148 0.578125 0.013398148148148173 0.03381944444444448
3 0.564675925925926 0.5833194444444445 0.015851851851851752 0.027458333333333307
3 0.6429259259259259 0.8160694444444445 0.04965740740740751 0.10915277777777767
3 0.7443796296296296 0.8244166666666667 0.07619444444444441 0.11556944444444449
3 0.9070370370370371 0.7319583333333333 0.05907407407407403 0.1001666666666666
3 0.8398333333333333 0.7075694444444444 0.06849074074074077 0.06420833333333328