0 0.6857685185185185 0.21354166666666666 0.07523148148148148 0.052083333333333336
0 0.8425925925925926 0.3263888888888889 0.06018518518518518 0.03819444444444445
2 0.42362962962962963 0.5039027777777778 0.02074074074074072 0.039944444444444435
2 0.8635277777777778 0.44377777777777777 0.08608333333333336 0.17565277777777782
2 0.06398148148148147 0.4344722222222222 0.12796296296296295 0.24777777777777774
3 0.6423611111111112 0.829 0.06018518518518518 0.11284722222222222
3 0.7476851851851852 0.8359444444444445 0.06481481481481481 0.11284722222222222
3 0.8443333333333334 0.7092083333333333 0.06828703703703703 0.043402777777777776
3 0.9114629629629629 0.7387222222222222 0.06597222222222222 0.06076388888888889
3 0.10706481481481481 0.7595555555555555 0.08680555555555555 0.07118055555555555
3 0.5477500000000001 0.5778055555555556 0.014416666666666607 0.024486111111111104
3 0.566787037037037 0.5841388888888889 0.01659259259259266 0.02570833333333332
3 0.4309074074074074 0.5710694444444445 0.011425925925925956 0.015097222222222229
3 0.41567592592592595 0.5708749999999999 0.009796296296296334 0.017958333333333264