2 0.05408333333333333 0.39852777777777776 0.01981481481481482 0.03406944444444441
2 0.1705185185185185 0.823388888888889 0.033851851851851855 0.10094444444444453
1 0.19590740740740742 0.7568055555555555 0.03344444444444445 0.03591666666666653
1 0.30718518518518517 0.6716527777777778 0.028898148148148183 0.031583333333333345
2 0.31461111111111106 0.7391527777777779 0.03798148148148146 0.08112500000000003
3 0.3172962962962963 0.8732361111111111 0.030138888888888847 0.04583333333333333
3 0.33339814814814817 0.8435138888888889 0.021055555555555563 0.026013888888888913
3 0.4956666666666667 0.8874861111111111 0.02436111111111106 0.04830555555555552
3 0.5332314814814815 0.8723055555555554 0.025185185185185227 0.04769444444444433
3 0.1878611111111111 0.9670694444444444 0.04293518518518519 0.03406944444444441
3 0.1835277777777778 0.9348611111111111 0.04830555555555557 0.0266250000000001
3 0.05552777777777778 0.45581944444444444 0.011972222222222228 0.012388888888888831
3 0.0689537037037037 0.45519444444444446 0.015685185185185184 0.014861111111111174