3 0.5385000000000001 0.6492222222222223 0.013342592592592668 0.01943055555555557
3 0.5593148148148147 0.6445138888888889 0.008712962962963039 0.019416666666666693
3 0.054101851851851845 0.9447083333333334 0.016287037037037034 0.03512499999999995
3 0.010064814814814815 0.9689444444444444 0.018407407407407407 0.04243055555555549
3 0.08043518518518519 0.5740138888888889 0.016694444444444446 0.01295833333333339
3 0.06322222222222222 0.5737222222222222 0.010972222222222217 0.013277777777777703
3 0.03761111111111111 0.47390277777777773 0.01233333333333334 0.010097222222222197
1 0.11760185185185186 0.4326805555555555 0.015064814814814824 0.013347222222222241
3 0.13114814814814812 0.5656944444444445 0.008111111111111102 0.0193194444444444
3 0.14199074074074072 0.5511944444444444 0.009314814814814817 0.018333333333333396
2 0.06458333333333334 0.5113472222222223 0.029472222222222216 0.024763888888888946