2 0.06481481481481481 0.4732083333333333 0.12169444444444445 0.2281805555555555
3 0.10449999999999998 0.7579305555555556 0.0846574074074074 0.07540277777777772
3 0.3895462962962963 0.7301527777777779 0.07010185185185189 0.09523611111111102
3 0.47156481481481477 0.7013888888888888 0.051583333333333314 0.09722222222222222
0 0.42526851851851855 0.28570833333333334 0.046296296296296294 0.051583333333333314
0 0.681212962962963 0.2043611111111111 0.06349074074074068 0.04762500000000003
3 0.6455 0.8273750000000001 0.04762037037037043 0.10318055555555551
3 0.7407407407407407 0.8204305555555556 0.08730555555555553 0.12897222222222207
2 0.8703703703703703 0.4751944444444444 0.11639814814814818 0.14484722222222218
3 0.8406111111111111 0.6954305555555556 0.07274999999999994 0.07341666666666669
3 0.9166666666666666 0.7430555555555556 0.07407407407407407 0.08134722222222221
0 0.8361666666666666 0.3551388888888889 0.05720370370370368 0.03256944444444447