3 0.09946296296296295 0.7525555555555556 0.06973148148148146 0.06716666666666653
2 0.06422222222222222 0.4415138888888889 0.11671296296296295 0.22461111111111115
2 0.8624722222222222 0.44040277777777775 0.09542592592592587 0.19598611111111114
3 0.8397129629629629 0.7090555555555556 0.07193518518518524 0.04844444444444452
3 0.9105462962962962 0.7398888888888889 0.06238888888888878 0.0550555555555557
3 0.6441018518518519 0.8197083333333334 0.04477777777777769 0.10019444444444459
3 0.7486944444444444 0.8274166666666667 0.06606481481481473 0.11120833333333324
2 0.4230925925925926 0.5045416666666667 0.01815740740740742 0.03577777777777776
3 0.5491018518518518 0.5811944444444445 0.01313888888888894 0.021138888888888926
3 0.4163611111111111 0.5739583333333333 0.0060185185185185185 0.011874999999999938
3 0.4319537037037037 0.5728888888888889 0.011870370370370417 0.007361111111111048
0 0.6756388888888889 0.21943055555555557 0.06393518518518514 0.04551388888888886
0 0.8523148148148149 0.321125 0.043287037037037034 0.027027777777777748