3 0.758888888888889 0.792875 0.06348148148148143 0.06747222222222213
3 0.8658611111111111 0.79275 0.06611111111111119 0.0658055555555557
1 0.8042685185185185 0.11569444444444445 0.0764444444444444 0.07086111111111112
0 0.6397407407407407 0.3400694444444444 0.039685185185185094 0.013180555555555569
3 0.6272407407407407 0.6617777777777778 0.03584259259259263 0.03140277777777779
3 0.6612777777777777 0.6473055555555556 0.03329629629629633 0.03597222222222219
3 0.5516851851851853 0.5826111111111112 0.013814814814814882 0.012083333333333397
3 0.5712870370370371 0.5851388888888889 0.009000000000000025 0.011499999999999962
1 0.5488148148148149 0.45959722222222227 0.013861111111111137 0.019861111111111048
1 0.34244444444444444 0.36713888888888885 0.0349351851851852 0.035180555555555576
3 0.34803703703703703 0.6584722222222222 0.021046296296296313 0.023958333333333335
3 0.08565740740740742 0.7305138888888889 0.04888888888888887 0.03773611111111121
1 0.052055555555555556 0.2962361111111111 0.060712962962962955 0.055305555555555545