1 0.5438888888888889 0.664017094017094 0.009287037037037012 0.010128205128205147
2 0.9397037037037038 0.7803988603988604 0.032287037037037045 0.06548433048433053
1 0.9388333333333334 0.7271082621082621 0.01647222222222219 0.015883190883190852
3 0.9304351851851852 0.8809259259259259 0.00906481481481478 0.01911680911680922
3 0.9518703703703704 0.8802136752136752 0.015833333333333248 0.019558404558404584
3 0.8677037037037038 0.8751566951566951 0.013074074074073972 0.015655270655270666
3 0.8501574074074074 0.8771937321937321 0.010601851851851894 0.019074074074074215
1 0.8619537037037037 0.6882336182336182 0.014388888888888856 0.013561253561253536
2 0.86325 0.728988603988604 0.01897222222222223 0.04368945868945871
2 0.6684907407407408 0.6796866096866097 0.016657407407407416 0.03689458689458686
3 0.6627592592592593 0.7405413105413106 0.011138888888888863 0.008418803418803536
3 0.6725740740740741 0.7404558404558403 0.007379629629629655 0.006581196581196426
3 0.5412592592592592 0.7354843304843304 0.004546296296296372 0.014529914529914595
3 0.5466481481481481 0.7390740740740741 0.004453703703703653 0.005128205128204999