3 0.6606574074074074 0.8546723646723647 0.010101851851851928 0.012407407407407459
3 0.6412129629629629 0.8567094017094017 0.0070092592592592 0.010584045584045675
3 0.6094814814814815 0.8015669515669517 0.0060185185185185185 0.01007122507122498
3 0.6179074074074075 0.8003418803418804 0.008055555555555597 0.008390313390313533
3 0.6738425925925926 0.7485612535612536 0.013962962962962896 0.009686609686609622
3 0.5242777777777778 0.722051282051282 0.01175000000000005 0.0073361823361823035
3 0.48179629629629633 0.7505698005698005 0.006601851851851953 0.005641025641025693
3 0.49026851851851855 0.751125356125356 0.009111111111111035 0.006182336182336066
2 0.5235462962962962 0.6707834757834757 0.013944444444444395 0.030398860398860444
2 0.4858333333333334 0.6928774928774929 0.012990740740740716 0.03210826210826206
2 0.6503425925925926 0.7600997150997152 0.022111111111111213 0.05102564102564094
2 0.6730462962962963 0.6905413105413105 0.011814814814814806 0.031082621082621154
1 0.6130462962962964 0.6985897435897436 0.011157407407407366 0.010413105413105335