2 0.04505555555555555 0.7838472222222223 0.040055555555555546 0.09552777777777774
2 0.5419537037037037 0.5655833333333333 0.028870370370370428 0.06512499999999997
1 0.5681574074074074 0.6175416666666667 0.022509259259259208 0.0340138888888889
1 0.0495925925925926 0.4634583333333333 0.019361111111111107 0.01654166666666662
3 0.054981481481481485 0.9406111111111112 0.031138888888888897 0.02940277777777788
3 0.33367592592592593 0.9397916666666666 0.03037962962962958 0.022777777777777904
3 0.5878888888888889 0.8635833333333333 0.01304629629629622 0.021305555555555442
3 0.5532962962962963 0.8671944444444445 0.01261111111111101 0.01927777777777793
3 0.5322129629629629 0.6560277777777778 0.013981481481481397 0.01409722222222219
3 0.05670370370370371 0.5962500000000001 0.015583333333333331 0.012194444444444407
3 0.08504629629629629 0.5860972222222223 0.011796296296296305 0.03054166666666668