1 0.46880555555555553 0.6567948717948718 0.0076944444444443936 0.006039886039886053
2 0.9400277777777778 0.8034757834757834 0.03193518518518509 0.04846153846153844
1 0.9489444444444444 0.763974358974359 0.019490740740740805 0.024686609686609583
3 0.9304351851851852 0.8809259259259259 0.00906481481481478 0.01911680911680922
3 0.9517314814814813 0.8821509971509971 0.01555555555555562 0.014829059829059946
3 0.8677037037037038 0.8751566951566951 0.013074074074073972 0.015655270655270666
3 0.8501574074074074 0.8771937321937321 0.010601851851851894 0.019074074074074215
1 0.8732592592592593 0.7016809116809116 0.013851851851851886 0.01686609686609691
2 0.866824074074074 0.7322792022792022 0.021268518518518544 0.042977207977208
2 0.6684907407407408 0.6796866096866097 0.016657407407407416 0.03689458689458686
3 0.6627592592592593 0.7405413105413106 0.011138888888888863 0.008418803418803536
3 0.6725740740740741 0.7404558404558403 0.007379629629629655 0.006581196581196426
3 0.46644444444444444 0.7282478632478633 0.004092592592592555 0.007336182336182385
3 0.47183333333333327 0.728988603988604 0.004861111111111058 0.00767806267806274