2 0.05883333333333333 0.4426805555555556 0.10919444444444446 0.2258194444444445
2 0.8603518518518518 0.43869444444444444 0.09318518518518527 0.18612499999999998
2 0.42285185185185187 0.5043333333333333 0.019453703703703695 0.0375
3 0.10196296296296296 0.7557083333333333 0.07262962962962963 0.06440277777777763
3 0.6443333333333333 0.8200555555555556 0.04782407407407416 0.11315277777777781
3 0.7466759259259259 0.8267777777777777 0.06597222222222222 0.10843055555555546
3 0.9149166666666666 0.738625 0.07054629629629625 0.06656944444444446
3 0.8404259259259259 0.7084444444444444 0.06450925925925932 0.05711111111111112
3 0.4160092592592593 0.5727222222222222 0.0073240740740740445 0.012111111111111149
3 0.4314074074074074 0.573 0.009416666666666629 0.009458333333333258
3 0.49675925925925923 0.5657083333333334 0.015675925925925985 0.01722222222222219
3 0.5272037037037037 0.5638472222222223 0.013203703703703695 0.01856944444444445
0 0.6986944444444445 0.21123611111111112 0.0764814814814814 0.04695833333333334
0 0.8496296296296296 0.31931944444444443 0.054259259259259174 0.03916666666666665
0 0.5092962962962962 0.46236111111111106 0.013787037037037129 0.007541666666666598