2 0.06308333333333332 0.4513888888888889 0.11689814814814815 0.24305555555555555
2 0.8640092592592593 0.45052777777777775 0.08217592592592593 0.1857638888888889
2 0.4232592592592593 0.5047222222222222 0.020916666666666694 0.038902777777777765
0 0.6819537037037037 0.21994444444444447 0.07655555555555561 0.037194444444444405
0 0.8450277777777778 0.3283055555555556 0.053370370370370464 0.03881944444444443
3 0.41626851851851854 0.5725694444444445 0.009657407407407361 0.010819444444444394
3 0.4320555555555556 0.5721527777777777 0.01292592592592596 0.009597222222222177
3 0.5482222222222223 0.5783055555555555 0.016851851851851896 0.024583333333333398
3 0.5667222222222221 0.5832222222222222 0.015453703703703754 0.02318055555555563
3 0.643962962962963 0.8135555555555556 0.051962962962962864 0.13272222222222216
3 0.7450925925925926 0.8240972222222223 0.07069444444444437 0.1257083333333333
3 0.8398981481481482 0.7040138888888888 0.06648148148148143 0.06390277777777777
3 0.9089537037037037 0.7338611111111111 0.061333333333333344 0.06320833333333332
3 0.10088888888888889 0.7528194444444444 0.06882407407407408 0.06461111111111109