2 0.06597222222222222 0.4479166666666667 0.12268518518518519 0.2361111111111111
0 0.07812962962962963 0.3072916666666667 0.08680555555555555 0.06597222222222222
0 0.6840277777777778 0.20920833333333333 0.0787037037037037 0.03993055555555555
0 0.8501203703703704 0.3246527777777778 0.0798611111111111 0.04513888888888889
2 0.42415740740740737 0.5045000000000001 0.02191666666666663 0.03861111111111105
2 0.8658888888888888 0.4491805555555556 0.09577777777777782 0.18165277777777772
3 0.6468055555555555 0.8257083333333333 0.051740740740740844 0.12551388888888873
3 0.7425833333333334 0.8232222222222223 0.06715740740740739 0.13376388888888882
3 0.8405648148148147 0.7018472222222222 0.06936111111111119 0.05615277777777771
3 0.912675925925926 0.7381805555555556 0.06825925925925928 0.05615277777777779
3 0.5610462962962962 0.5938194444444445 0.013620370370370404 0.028750000000000064
3 0.5701203703703703 0.582486111111111 0.014629629629629588 0.02723611111111113
3 0.41479629629629633 0.5737777777777778 0.015629629629629625 0.014375000000000032
3 0.43194444444444446 0.569625 0.013620370370370404 0.01512499999999998
3 0.10162962962962965 0.7495416666666667 0.07622222222222223 0.07198611111111101