1 0.049462962962962966 0.29259722222222223 0.058203703703703695 0.06151388888888892
1 0.3465555555555555 0.3829444444444445 0.03438888888888888 0.035708333333333384
1 0.8015833333333333 0.11706944444444445 0.06878703703703701 0.07936111111111112
1 0.5497685185185185 0.4592638888888889 0.014527777777777829 0.023708333333333404
2 0.6346666666666667 0.43024999999999997 0.09540740740740737 0.11774999999999997
3 0.5524444444444444 0.5819722222222222 0.015388888888888787 0.01856944444444445
3 0.5713518518518518 0.5839861111111111 0.011046296296296356 0.01856944444444445
3 0.6240462962962964 0.6570138888888889 0.03747222222222225 0.06323611111111108
3 0.6596851851851853 0.6396944444444445 0.04918518518518508 0.04065277777777775
3 0.7563888888888889 0.78525 0.06658333333333341 0.06375000000000013
3 0.8671481481481481 0.78475 0.08063888888888882 0.08883333333333339
3 0.33678703703703705 0.6306666666666666 0.021657407407407396 0.05169444444444448
3 0.35395370370370366 0.6374166666666666 0.023537037037037 0.05920833333333333
3 0.0875648148148148 0.7299027777777778 0.04770370370370371 0.04895833333333333
0 0.6377037037037038 0.34079166666666666 0.03465740740740746 0.01886111111111109