3 0.6606574074074074 0.8546723646723647 0.010101851851851928 0.012407407407407459
3 0.6412129629629629 0.8567094017094017 0.0070092592592592 0.010584045584045675
3 0.602212962962963 0.7993447293447293 0.006629629629629706 0.00819088319088319
3 0.6179074074074075 0.8003418803418804 0.008055555555555597 0.008390313390313533
3 0.6738425925925926 0.7485612535612536 0.013962962962962896 0.009686609686609622
3 0.5242777777777778 0.722051282051282 0.01175000000000005 0.0073361823361823035
3 0.48179629629629633 0.7505698005698005 0.006601851851851953 0.005641025641025693
3 0.49026851851851855 0.751125356125356 0.009111111111111035 0.006182336182336066
2 0.5240277777777779 0.6706695156695157 0.014907407407407322 0.0301709401709401
2 0.4858333333333334 0.6928774928774929 0.012990740740740716 0.03210826210826206
2 0.6500648148148148 0.7672792022792023 0.021888888888888982 0.046467236467236314
2 0.6730462962962963 0.6905413105413105 0.011814814814814806 0.031082621082621154
1 0.6099814814814815 0.6973076923076923 0.010481481481481423 0.010569800569800511