1 0.4932592592592593 0.6572792022792023 0.007842592592592618 0.009017094017094076
2 0.9413796296296297 0.8145868945868946 0.02845370370370372 0.042706552706552735
1 0.9507962962962963 0.7812393162393162 0.018148148148148063 0.022621082621082776
3 0.9304351851851852 0.8809259259259259 0.00906481481481478 0.01911680911680922
3 0.9517314814814813 0.8821509971509971 0.01555555555555562 0.014829059829059946
3 0.8677037037037038 0.8751566951566951 0.013074074074073972 0.015655270655270666
3 0.8501574074074074 0.8771937321937321 0.010601851851851894 0.019074074074074215
1 0.867712962962963 0.6923646723646724 0.014388888888888856 0.013561253561253536
2 0.8634166666666667 0.7302136752136752 0.021268518518518544 0.042977207977208
2 0.6684907407407408 0.6796866096866097 0.016657407407407416 0.03689458689458686
3 0.6627592592592593 0.7405413105413106 0.011138888888888863 0.008418803418803536
3 0.6725740740740741 0.7404558404558403 0.007379629629629655 0.006581196581196426
3 0.4901388888888889 0.7310968660968661 0.00764814814814814 0.006638176638176674
3 0.49868518518518523 0.7273361823361822 0.005907407407407509 0.012250712250712283