2 0.6335462962962963 0.42506944444444444 0.07508333333333325 0.12656944444444443
0 0.6401851851851852 0.3408611111111111 0.03654629629629632 0.01594444444444447
3 0.5524814814814815 0.5835416666666666 0.013953703703703645 0.014944444444444432
3 0.5704259259259259 0.5835416666666666 0.012620370370370471 0.018930555555555548
3 0.6265648148148149 0.6602916666666667 0.03721296296296301 0.06677777777777784
3 0.6561388888888889 0.6408472222222222 0.04451851851851845 0.04584722222222221
3 0.7634444444444445 0.7988194444444444 0.07309259259259264 0.11461111111111108
3 0.8667592592592592 0.8048055555555556 0.06843518518518527 0.09468055555555566
3 0.31627777777777777 0.744013888888889 0.04518518518518514 0.058805555555555444
3 0.3524814814814815 0.743013888888889 0.027240740740740704 0.052819444444444405
3 0.0860462962962963 0.7310555555555556 0.04052777777777779 0.052819444444444405
1 0.05324074074074074 0.2934027777777778 0.07407407407407407 0.08333333333333333
1 0.3425925925925926 0.2864583333333333 0.05555555555555555 0.059027777777777776
1 0.5509259259259259 0.4583333333333333 0.018518518518518517 0.024305555555555556