1 0.5444907407407407 0.6649002849002849 0.010518518518518425 0.010997150997151036
2 0.67 0.6774501424501425 0.022462962962962955 0.03725071225071222
3 0.6641111111111111 0.7409259259259259 0.011157407407407366 0.009259259259259259
3 0.6733611111111111 0.7403988603988604 0.005629629629629563 0.00938746438746427
1 0.8771574074074074 0.7055128205128205 0.013740740740740665 0.018689458689458698
1 0.9400740740740741 0.7252421652421652 0.016444444444444543 0.008831908831908897
2 0.9393333333333334 0.7837891737891738 0.030462962962963046 0.06678062678062693
3 0.8503611111111111 0.8803703703703704 0.008111111111111102 0.014287749287749249
3 0.8686111111111111 0.8759544159544159 0.012944444444444462 0.019373219373219244
3 0.9308981481481482 0.8829202279202278 0.008814814814814798 0.01706552706552709
3 0.9516296296296296 0.8822792022792023 0.014046296296296364 0.014615384615384603