3 0.75775 0.7779305555555556 0.058018518518518594 0.06650000000000016
3 0.8636944444444444 0.7840972222222221 0.06017592592592593 0.06530555555555553
3 0.6273148148148148 0.6563472222222222 0.033111111111111105 0.04452777777777786
3 0.6562592592592592 0.6453888888888889 0.03855555555555565 0.03299999999999999
3 0.5712870370370371 0.5851527777777777 0.00850925925925931 0.012388888888888831
3 0.5522407407407407 0.5822361111111111 0.014898148148148072 0.011902777777777847
2 0.6383148148148148 0.4188611111111111 0.054935185185185115 0.10890277777777774
0 0.6478703703703704 0.3393611111111111 0.013953703703703645 0.018125000000000016
1 0.5498981481481481 0.4585138888888889 0.01487962962962957 0.021986111111111168
3 0.34774074074074074 0.6651527777777778 0.015500000000000009 0.03079166666666661
3 0.32557407407407407 0.6866111111111112 0.02625925925925927 0.050625000000000066
1 0.34031481481481485 0.35304166666666664 0.03437037037037038 0.039249999999999986
3 0.08405555555555555 0.73025 0.041453703703703715 0.05398611111111104
1 0.05025000000000001 0.29056944444444444 0.061342592592592594 0.058013888888888865