2 0.04419444444444444 0.7925555555555556 0.04005555555555556 0.09552777777777774
2 0.5419537037037037 0.5655833333333333 0.028870370370370428 0.06512499999999997
1 0.5662685185185186 0.6136388888888888 0.022509259259259208 0.0340138888888889
1 0.05855555555555556 0.3849722222222222 0.012185185185185188 0.011305555555555537
3 0.058212962962962966 0.9446527777777778 0.03616666666666667 0.028861111111111074
3 0.33284259259259263 0.9397916666666666 0.03037962962962958 0.022777777777777904
3 0.3538611111111111 0.9117500000000001 0.013018518518518468 0.01686111111111125
3 0.5888981481481481 0.855013888888889 0.01304629629629622 0.021305555555555442
3 0.551462962962963 0.8593333333333334 0.01261111111111101 0.01927777777777793
3 0.5334166666666667 0.6573611111111112 0.01401851851851861 0.017583333333333288
3 0.07045370370370371 0.49068055555555556 0.006907407407407415 0.009111111111111035
3 0.07633333333333334 0.48331944444444447 0.00595370370370371 0.0077916666666666854