3 0.3028888888888889 0.9307977207977207 0.018055555555555554 0.018162393162393164
3 0.31749074074074074 0.9252279202279202 0.012851851851851847 0.015170940170940301
3 0.37263888888888885 0.8076923076923077 0.017435185185185224 0.008589743589743551
1 0.3285092592592593 0.7541168091168091 0.016361111111111073 0.02149572649572638
2 0.3717962962962963 0.7244729344729344 0.01918518518518521 0.04910256410256406
1 0.6520092592592592 0.6827350427350427 0.014185185185185125 0.013703703703703711
3 0.6421851851851851 0.8282478632478631 0.01347222222222218 0.011923076923076767
3 0.6625277777777777 0.828034188034188 0.008444444444444343 0.013247863247863183
3 0.91275 0.9227207977207977 0.010046296296296211 0.009629629629629616
3 0.936175925925926 0.9228490028490028 0.015601851851851768 0.010726495726495687
1 0.8185925925925926 0.6938603988603989 0.01283333333333324 0.014800569800569782
2 0.9286944444444445 0.8001566951566952 0.03302777777777784 0.056709401709401634
3 0.8240462962962963 0.822948717948718 0.008583333333333316 0.02472934472934459
3 0.8166851851851852 0.8228205128205128 0.006101851851851776 0.012763532763532816
1 0.9272222222222222 0.7465669515669516 0.016462962962962936 0.01896011396011388