3 0.3035555555555555 0.9323646723646724 0.020620370370370355 0.016410256410256386
3 0.3179166666666667 0.9255413105413106 0.01266666666666662 0.013732193732193875
3 0.3723703703703704 0.8067236467236468 0.017259259259259245 0.010584045584045675
2 0.3729166666666667 0.7245156695156695 0.01898148148148148 0.050783475783475834
1 0.30356481481481484 0.7407264957264957 0.020379629629629623 0.018561253561253523
1 0.6994074074074074 0.7313532763532763 0.01909259259259249 0.02096866096866101
2 0.9233055555555555 0.7991310541310541 0.028861111111111178 0.06242165242165233
1 0.9224629629629629 0.7490740740740741 0.015592592592592517 0.020270655270655295
3 0.9138425925925926 0.9207264957264958 0.010435185185185169 0.01270655270655281
3 0.9384074074074075 0.9216524216524217 0.015370370370370286 0.011011396011396037
1 0.6522407407407407 0.6845156695156694 0.014398148148148106 0.014316239316239252
3 0.6416296296296297 0.8288319088319088 0.014611111111111085 0.010783475783475693
3 0.6622870370370371 0.828076923076923 0.008111111111111102 0.014358974358974255
3 0.7021111111111111 0.8982336182336181 0.016120370370370445 0.03626780626780632