3 0.018055555555555554 0.7416666666666667 0.03611111111111111 0.075
3 0.10340740740740742 0.7256666666666667 0.047555555555555566 0.06959722222222216
3 0.8272777777777778 0.9585277777777778 0.14874074074074062 0.0829305555555556
3 0.8530740740740741 0.8826666666666666 0.0654074074074075 0.07323611111111114
3 0.879 0.7300416666666667 0.07492592592592599 0.06404166666666661
3 0.9529351851851853 0.7228888888888889 0.05612962962962953 0.06245833333333337
3 0.5220925925925926 0.6533611111111112 0.0367407407407408 0.027333333333333265
3 0.5490925925925926 0.6533611111111112 0.015500000000000009 0.014527777777777829
3 0.28094444444444444 0.6510833333333333 0.03716666666666665 0.021819444444444495
3 0.3108518518518519 0.6527777777777778 0.022879629629629663 0.022875000000000038
0 0.06312962962962963 0.24270833333333333 0.05106481481481482 0.028847222222222198
0 0.301962962962963 0.3925138888888889 0.03190740740740744 0.014319444444444369
0 0.5281574074074074 0.36875 0.03165740740740746 0.010041666666666692
0 0.8289907407407406 0.03365277777777778 0.0790277777777777 0.041916666666666665
1 0.9239444444444445 0.21927777777777777 0.07541666666666672 0.06768055555555558
2 0.5375462962962962 0.45075000000000004 0.05219444444444434 0.1196805555555555
2 0.06610185185185186 0.37993055555555555 0.12861111111111112 0.18522222222222223