2 0.6494907407407408 0.7594871794871795 0.02337962962962963 0.049458689458689496
2 0.4875740740740741 0.6909686609686609 0.010592592592592643 0.030982905982905984
2 0.5242592592592593 0.6705840455840456 0.011546296296296322 0.030113960113960093
2 0.6737314814814814 0.694031339031339 0.010592592592592643 0.02829059829059831
3 0.6414166666666666 0.8545726495726496 0.007953703703703628 0.01566951566951567
3 0.6602592592592593 0.8535327635327634 0.010425925925925918 0.013746438746438876
3 0.6727129629629629 0.7490598290598292 0.01357407407407415 0.007991452991452848
3 0.5620555555555555 0.7810398860398859 0.004925925925925867 0.0094444444444446
3 0.49174074074074076 0.7506267806267807 0.00743518518518516 0.008376068376068531
3 0.4832777777777778 0.749957264957265 0.007379629629629655 0.006481481481481417
3 0.5244074074074074 0.7225641025641025 0.011777777777777804 0.007364672364672306
3 0.5716944444444444 0.7844729344729345 0.0058611111111110436 0.006267806267806398
1 0.5678888888888889 0.6888461538461539 0.010574074074074142 0.012051282051282104