2 0.6494907407407408 0.7594871794871795 0.02337962962962963 0.049458689458689496
2 0.48712962962962963 0.6924501424501425 0.011037037037037104 0.033490028490028474
2 0.5242592592592593 0.6705840455840456 0.011546296296296322 0.030113960113960093
2 0.6722407407407407 0.6902421652421653 0.012092592592592542 0.03222222222222223
3 0.6412222222222222 0.8550142450142451 0.007953703703703628 0.01566951566951567
3 0.659962962962963 0.8531908831908833 0.010425925925925918 0.013746438746438876
3 0.6727129629629629 0.7490598290598292 0.01357407407407415 0.007991452991452848
3 0.49070370370370375 0.7507407407407407 0.006842592592592686 0.0074643874643874775
3 0.4832777777777778 0.749957264957265 0.007379629629629655 0.006481481481481417
3 0.5244074074074074 0.7225641025641025 0.011777777777777804 0.007364672364672306
3 0.5717685185185185 0.783005698005698 0.007601851851851886 0.008945868945868907
1 0.5696574074074074 0.6881908831908832 0.010055555555555463 0.01074074074074069