1 0.19378703703703704 0.7589305555555554 0.0330648148148148 0.037694444444444586
2 0.05221296296296296 0.3975972222222222 0.018490740740740738 0.036722222222222295
3 0.06795370370370371 0.45755555555555555 0.007990740740740736 0.011236111111111155
3 0.18462037037037035 0.9649444444444444 0.03747222222222225 0.032222222222222284
3 0.18462037037037035 0.9308472222222223 0.03447222222222224 0.020986111111110973
2 0.17012962962962963 0.8266666666666668 0.03747222222222225 0.08544444444444442
2 0.3165277777777778 0.7449722222222223 0.03747222222222225 0.08844444444444445
3 0.3222777777777778 0.8761388888888889 0.029981481481481477 0.032972222222222236
3 0.33301851851851855 0.8487777777777777 0.023481481481481496 0.03372222222222218
1 0.3120277777777778 0.6775277777777777 0.027481481481481437 0.03147222222222218
3 0.49315740740740743 0.886625 0.023981481481481565 0.03747222222222225
3 0.5338796296296296 0.8738888888888889 0.026481481481481398 0.038972222222222144