1 0.050305555555555555 0.28823611111111114 0.06920370370370368 0.05963888888888889
1 0.33902777777777776 0.34391666666666665 0.05594444444444441 0.054847222222222235
1 0.8051851851851852 0.11006944444444444 0.09571296296296307 0.07730555555555554
2 0.6324166666666666 0.42590277777777774 0.07411111111111107 0.11558333333333337
0 0.6365925925925926 0.340875 0.03534259259259266 0.020611111111111077
3 0.6248148148148148 0.6567083333333333 0.03534259259259266 0.045652777777777785
3 0.6584351851851852 0.6401527777777778 0.03975925925925931 0.05080555555555561
3 0.7627314814814815 0.8113194444444444 0.07656481481481486 0.11779166666666659
3 0.8672777777777777 0.7973333333333333 0.068712962962963 0.09718055555555559
3 0.32460185185185186 0.6987916666666667 0.053157407407407375 0.05909722222222216
1 0.5489814814814815 0.4623472222222222 0.016194444444444452 0.025027777777777753
3 0.549712962962963 0.5794166666666667 0.01962962962962967 0.01913888888888885
3 0.5720462962962962 0.5845694444444445 0.01423148148148138 0.03238888888888896
3 0.3560740740740741 0.6722916666666667 0.02242592592592595 0.032722222222222146