3 0.10487962962962964 0.7210277777777777 0.04091666666666668 0.07712499999999996
3 0.01838888888888889 0.7459861111111111 0.03677777777777778 0.07927777777777775
3 0.8268425925925926 0.9310416666666667 0.1376481481481482 0.13661111111111096
3 0.8608425925925927 0.8750555555555555 0.06299074074074072 0.10559722222222219
3 0.8839814814814815 0.7225833333333334 0.07120370370370378 0.06362499999999992
3 0.9549444444444444 0.7234444444444444 0.06061111111111114 0.06394444444444439
3 0.5237777777777778 0.6537083333333333 0.033064814814814845 0.028499999999999973
3 0.5505277777777778 0.6469722222222222 0.01993518518518516 0.020847222222222208
2 0.5388055555555555 0.44490277777777776 0.04751851851851846 0.1082083333333333
2 0.05978703703703703 0.37755555555555553 0.10524074074074073 0.20109722222222218
1 0.7812685185185185 0.049833333333333334 0.07653703703703711 0.09433333333333334
1 0.9056481481481482 0.2293888888888889 0.06820370370370378 0.060736111111111137