2 0.04419444444444444 0.7925555555555556 0.04005555555555556 0.09552777777777774
2 0.5419537037037037 0.5655833333333333 0.028870370370370428 0.06512499999999997
1 0.5706666666666668 0.6255555555555555 0.022509259259259208 0.0340138888888889
1 0.06217592592592593 0.3955416666666667 0.012185185185185183 0.011305555555555537
3 0.058212962962962966 0.9446527777777778 0.03616666666666667 0.028861111111111074
3 0.33284259259259263 0.9397916666666666 0.03037962962962958 0.022777777777777904
3 0.3538611111111111 0.9117500000000001 0.013018518518518468 0.01686111111111125
3 0.5888888888888889 0.8599166666666667 0.01304629629629622 0.021305555555555442
3 0.551462962962963 0.86425 0.01261111111111101 0.01927777777777793
3 0.5334166666666667 0.6573611111111112 0.01401851851851861 0.017583333333333288
3 0.07418518518518519 0.5077916666666666 0.007185185185185176 0.012972222222222267
3 0.08414814814814814 0.5017083333333333 0.0064259259259259235 0.011902777777777847