3 0.6599814814814815 0.8522934472934472 0.010388888888888914 0.016581196581196722
3 0.6408796296296296 0.8568803418803418 0.00743518518518516 0.01229344729344745
3 0.6734351851851851 0.7487037037037038 0.014425925925925858 0.008589743589743551
3 0.5861759259259259 0.7924501424501423 0.0054537037037037965 0.00846153846153854
3 0.5241574074074075 0.721965811965812 0.012361111111111028 0.0073076923076923015
3 0.4830277777777777 0.7495156695156695 0.007888888888888872 0.007849002849002836
3 0.490925925925926 0.749985754985755 0.007981481481481381 0.008019943019943175
2 0.48615740740740737 0.6924358974358974 0.013277777777777703 0.030498575498575452
2 0.5240462962962963 0.6708689458689459 0.01187037037037031 0.029928774928774916
2 0.6506759259259259 0.7785897435897436 0.022694444444444437 0.0463532763532763
2 0.6731296296296296 0.6904558404558404 0.012518518518518502 0.03206552706552705
3 0.5990740740740741 0.790897435897436 0.007314814814814899 0.012863247863247825
1 0.5905462962962963 0.6936752136752137 0.009351851851851768 0.010227920227920156