3 0.3035555555555555 0.9323646723646724 0.020620370370370355 0.016410256410256386
3 0.3179166666666667 0.9255413105413106 0.01266666666666662 0.013732193732193875
3 0.3723703703703704 0.8067236467236468 0.017259259259259245 0.010584045584045675
2 0.37813888888888886 0.7559544159544159 0.021444444444444415 0.03678062678062669
1 0.30356481481481484 0.7407264957264957 0.020379629629629623 0.018561253561253523
1 0.748537037037037 0.7162678062678063 0.01909259259259249 0.013262108262108184
2 0.9233055555555555 0.7991310541310541 0.028861111111111178 0.06242165242165233
1 0.9250277777777778 0.7474928774928775 0.015592592592592517 0.020270655270655295
3 0.9138425925925926 0.9207264957264958 0.010435185185185169 0.01270655270655281
3 0.9384074074074075 0.9216524216524217 0.015370370370370286 0.011011396011396037
1 0.6508148148148148 0.6822792022792022 0.014398148148148106 0.011410256410256397
3 0.6416296296296297 0.8288319088319088 0.014611111111111085 0.010783475783475693
3 0.6622870370370371 0.828076923076923 0.008111111111111102 0.014358974358974255
3 0.7424444444444445 0.8691025641025641 0.008351851851851834 0.02226495726495742
3 0.7585185185185186 0.8683190883190882 0.014157407407407374 0.02591168091168099