1 0.049462962962962966 0.29259722222222223 0.058203703703703695 0.06151388888888892
1 0.4434444444444445 0.46001388888888883 0.01973148148148143 0.020263888888888932
1 0.8022407407407407 0.13690277777777776 0.07275925925925919 0.09920833333333334
1 0.5497685185185185 0.4592638888888889 0.014527777777777829 0.023708333333333404
2 0.6346666666666667 0.43024999999999997 0.09540740740740737 0.11774999999999997
3 0.5524444444444444 0.5819722222222222 0.015388888888888787 0.01856944444444445
3 0.5713518518518518 0.5839861111111111 0.011046296296296356 0.01856944444444445
3 0.6240462962962964 0.6570138888888889 0.03747222222222225 0.06323611111111108
3 0.6596851851851853 0.6396944444444445 0.04918518518518508 0.04065277777777775
3 0.7616759259259259 0.8031111111111111 0.07451851851851854 0.1034305555555556
3 0.8671481481481481 0.800625 0.08063888888888882 0.08883333333333339
3 0.0875648148148148 0.7299027777777778 0.04770370370370371 0.04895833333333333
0 0.6377037037037038 0.34079166666666666 0.03465740740740746 0.01886111111111109
3 0.4358888888888889 0.5696388888888889 0.014000000000000004 0.021000000000000005
3 0.4472962962962963 0.5724166666666667 0.011981481481481532 0.0262916666666666