3 0.3028888888888889 0.9307977207977207 0.018055555555555554 0.018162393162393164
3 0.31749074074074074 0.9252279202279202 0.012851851851851847 0.015170940170940301
3 0.37263888888888885 0.8076923076923077 0.017435185185185224 0.008589743589743551
1 0.3304814814814815 0.7558547008547009 0.016361111111111073 0.02149572649572638
2 0.3717962962962963 0.7244729344729344 0.01918518518518521 0.04910256410256406
1 0.6519722222222222 0.6818945868945869 0.014185185185185125 0.013703703703703711
3 0.6421851851851851 0.8282478632478631 0.01347222222222218 0.011923076923076767
3 0.6625277777777777 0.828034188034188 0.008444444444444343 0.013247863247863183
3 0.91275 0.9227207977207977 0.010046296296296211 0.009629629629629616
3 0.936175925925926 0.9228490028490028 0.015601851851851768 0.010726495726495687
3 0.8024259259259259 0.8284472934472935 0.00806481481481485 0.019672364672364596
3 0.8109444444444445 0.8328490028490028 0.01132407407407409 0.01893162393162388
1 0.8063240740740741 0.6982193732193732 0.01283333333333324 0.014800569800569782
2 0.9269166666666667 0.8211965811965812 0.031722222222222214 0.0146011396011396