2 0.062037037037037036 0.4444444444444444 0.12407407407407407 0.2388888888888889
2 0.8648148148148148 0.44027777777777777 0.1 0.18611111111111112
2 0.42312962962962963 0.505625 0.019361111111111082 0.03936111111111115
3 0.4143148148148148 0.5733888888888888 0.008601851851851819 0.014847222222222298
3 0.43173148148148144 0.5730694444444444 0.010759259259259264 0.009041666666666654
3 0.5388611111111111 0.578875 0.011620370370370328 0.019361111111111187
3 0.5509074074074074 0.5795138888888889 0.012472222222222247 0.012902777777777727
3 0.6420555555555555 0.8300000000000001 0.048398148148148135 0.09195833333333338
3 0.7440925925925926 0.8305972222222222 0.07985185185185185 0.10284722222222216
3 0.8412870370370371 0.7096111111111111 0.07098148148148156 0.04961111111111107
3 0.9110555555555556 0.7295694444444444 0.05887962962962955 0.0725972222222222
3 0.1008240740740741 0.754375 0.0645277777777778 0.07138888888888902
0 0.6779722222222223 0.21331944444444445 0.06275925925925924 0.04491666666666663
0 0.8545833333333334 0.31756944444444446 0.043351851851851794 0.029486111111111137