3 0.6292407407407408 0.6605416666666666 0.036361111111111094 0.04544444444444448
3 0.6580185185185184 0.6446388888888889 0.04949074074074078 0.04090277777777784
0 0.6403888888888889 0.33993055555555557 0.03574999999999991 0.013263888888888905
3 0.5515833333333333 0.5761111111111111 0.0135833333333334 0.02943055555555563
3 0.5714537037037036 0.5853194444444445 0.01033333333333341 0.013597222222222172
3 0.35636111111111113 0.6924722222222223 0.032398148148148155 0.07575000000000003
3 0.7596481481481481 0.7912361111111111 0.06406481481481487 0.06083333333333327
3 0.8654351851851851 0.7912361111111111 0.06759259259259259 0.06612499999999986
2 0.635962962962963 0.42819444444444443 0.0650462962962963 0.11925000000000002
3 0.08636111111111111 0.7365972222222222 0.045527777777777764 0.040111111111111264
1 0.05729629629629629 0.30469444444444443 0.07291666666666667 0.07465277777777778
1 0.3414351851851852 0.33420833333333333 0.041666666666666664 0.05381944444444445
1 0.5498333333333334 0.45799999999999996 0.01613888888888895 0.024208333333333262
1 0.8002407407407407 0.11863888888888889 0.09776851851851845 0.11204166666666665