1 0.500175925925926 0.655954415954416 0.007842592592592618 0.009017094017094076
2 0.9422407407407408 0.8023789173789173 0.026037037037037043 0.053803418803418775
1 0.9488981481481481 0.7636609686609687 0.018148148148148063 0.017606837606837466
3 0.9304351851851852 0.8809259259259259 0.00906481481481478 0.01911680911680922
3 0.9517314814814813 0.8821509971509971 0.01555555555555562 0.014829059829059946
3 0.8677037037037038 0.8751566951566951 0.013074074074073972 0.015655270655270666
3 0.8501574074074074 0.8771937321937321 0.010601851851851894 0.019074074074074215
1 0.8635462962962963 0.6894586894586895 0.014388888888888856 0.013561253561253536
2 0.862101851851852 0.7293447293447294 0.021268518518518544 0.042977207977208
2 0.6684907407407408 0.6796866096866097 0.016657407407407416 0.03689458689458686
3 0.6627592592592593 0.7405413105413106 0.011138888888888863 0.008418803418803536
3 0.6725740740740741 0.7404558404558403 0.007379629629629655 0.006581196581196426
3 0.49003703703703705 0.7285042735042735 0.00764814814814814 0.006638176638176593
3 0.5106111111111111 0.7272934472934472 0.008101851851851851 0.009843304843304798