3 0.10487962962962964 0.7210277777777777 0.04091666666666668 0.07712499999999996
3 0.01838888888888889 0.7459861111111111 0.03677777777777778 0.07927777777777775
3 0.8268425925925926 0.9310416666666667 0.1376481481481482 0.13661111111111096
3 0.8608425925925927 0.8750555555555555 0.06299074074074072 0.10559722222222219
3 0.8839814814814815 0.7225833333333334 0.07120370370370378 0.06362499999999992
3 0.9549444444444444 0.7234444444444444 0.06061111111111114 0.06394444444444439
3 0.5239814814814815 0.6549583333333333 0.033064814814814845 0.028499999999999973
3 0.550425925925926 0.6465000000000001 0.01723148148148139 0.019291666666666648
2 0.5364814814814814 0.44695833333333335 0.05380555555555546 0.1082083333333333
2 0.05978703703703703 0.37755555555555553 0.10524074074074073 0.20109722222222218
1 0.7812685185185185 0.049833333333333334 0.07653703703703711 0.09433333333333334
0 0.4705925925925926 0.4169583333333333 0.022092592592592553 0.01090277777777781
1 0.9191203703703703 0.21255555555555555 0.06820370370370378 0.060736111111111137
3 0.4490925925925926 0.6205694444444444 0.025361111111111098 0.015458333333333327
3 0.4960833333333333 0.6115277777777778 0.01682407407407414 0.029277777777777833