1 0.46567592592592594 0.6574358974358974 0.0076944444444443936 0.006039886039886053
2 0.9391111111111111 0.7891880341880342 0.032138888888888925 0.05317663817663807
1 0.9451666666666666 0.738917378917379 0.017250000000000102 0.016210826210826368
3 0.9304351851851852 0.8812393162393163 0.00906481481481478 0.01911680911680922
3 0.9517314814814813 0.8821509971509971 0.01555555555555562 0.014829059829059946
3 0.8677037037037038 0.8751566951566951 0.013074074074073972 0.015655270655270666
3 0.8501574074074074 0.8771937321937321 0.010601851851851894 0.019074074074074215
1 0.8732592592592593 0.7016809116809116 0.013851851851851886 0.01686609686609691
2 0.866824074074074 0.7332051282051283 0.021268518518518544 0.042977207977208
2 0.6684907407407408 0.6796866096866097 0.016657407407407416 0.03689458689458686
3 0.6627592592592593 0.7405413105413106 0.011138888888888863 0.008418803418803536
3 0.6725740740740741 0.7404558404558403 0.007379629629629655 0.006581196581196426
3 0.4678888888888889 0.7325783475783475 0.003435185185185219 0.008333333333333285
3 0.4626481481481482 0.7322364672364672 0.004500000000000013 0.00819088319088319