3 0.6600462962962963 0.8533048433048432 0.010101851851851928 0.012407407407407459
3 0.6408425925925926 0.8559116809116809 0.0070092592592592 0.010584045584045675
3 0.6738425925925926 0.7485612535612536 0.013962962962962896 0.009686609686609622
3 0.5243518518518518 0.722051282051282 0.01175000000000005 0.0073361823361823035
3 0.4822592592592593 0.7507122507122507 0.006601851851851953 0.005641025641025693
3 0.49026851851851855 0.751125356125356 0.009111111111111035 0.006182336182336066
2 0.5243611111111111 0.6704985754985755 0.012314814814814773 0.029829059829059906
2 0.4858333333333334 0.6928774928774929 0.012990740740740716 0.03210826210826206
2 0.6493981481481482 0.7589031339031339 0.022111111111111213 0.05102564102564094
2 0.6731944444444444 0.6901994301994302 0.011814814814814806 0.031082621082621154
3 0.6628055555555556 0.7865099715099715 0.002620370370370303 0.009886039886039965
1 0.6599074074074075 0.6919800569800569 0.007861111111111119 0.010982905982906035