1 0.5024722222222222 0.6563105413105413 0.007842592592592618 0.009017094017094076
2 0.9420092592592594 0.7967378917378917 0.026037037037037043 0.053803418803418775
1 0.947064814814815 0.7562535612535612 0.01814814814814817 0.017606837606837466
3 0.9304351851851852 0.8809259259259259 0.00906481481481478 0.01911680911680922
3 0.9517314814814813 0.8821509971509971 0.01555555555555562 0.014829059829059946
3 0.8677037037037038 0.8751566951566951 0.013074074074073972 0.015655270655270666
3 0.8501574074074074 0.8771937321937321 0.010601851851851894 0.019074074074074215
1 0.8635462962962963 0.6894586894586895 0.014388888888888856 0.013561253561253536
2 0.86325 0.728988603988604 0.01897222222222223 0.04368945868945871
2 0.6684907407407408 0.6796866096866097 0.016657407407407416 0.03689458689458686
3 0.6627592592592593 0.7405413105413106 0.011138888888888863 0.008418803418803536
3 0.6725740740740741 0.7404558404558403 0.007379629629629655 0.006581196581196426
3 0.4914351851851852 0.726082621082621 0.009148148148148249 0.0070370370370370335
3 0.5111481481481481 0.7280911680911681 0.00990740740740745 0.007849002849002836