2 0.06283333333333334 0.6021805555555555 0.10185185185185185 0.21230555555555558
3 0.10185185185185185 0.7509861111111111 0.07407407407407407 0.06547222222222236
3 0.49074074074074076 0.702375 0.04497222222222222 0.0674583333333334
3 0.5482777777777778 0.6775833333333333 0.04364814814814824 0.06944444444444445
3 0.6468240740740742 0.8164722222222223 0.05555555555555555 0.10515277777777783
3 0.7460277777777778 0.828375 0.07407407407407407 0.13690277777777768
0 0.6858425925925926 0.2063472222222222 0.07010185185185189 0.04365277777777779
0 0.5059537037037036 0.3194444444444444 0.030425925925925832 0.023805555555555538
0 0.8207685185185185 0.5069444444444444 0.04364814814814824 0.02976388888888882
3 0.8419351851851852 0.6974166666666667 0.06746296296296286 0.05356944444444443
3 0.9100555555555556 0.7380972222222222 0.06349074074074068 0.07540277777777772
0 0.8220925925925926 0.5049583333333333 0.041009259259259224 0.02976388888888882