2 0.06712962962962964 0.44705555555555554 0.12268518518518519 0.24479166666666666
0 0.6805555555555556 0.2204861111111111 0.07407407407407407 0.041666666666666664
0 0.8489629629629629 0.3229166666666667 0.061342592592592594 0.03125
2 0.8640092592592593 0.44705555555555554 0.09837962962962964 0.1892361111111111
2 0.42387037037037034 0.5077777777777778 0.028675925925925952 0.04234722222222224
3 0.4156666666666667 0.57475 0.007879629629629622 0.01295833333333339
3 0.43060185185185185 0.5737222222222222 0.011064814814814857 0.00909722222222216
3 0.5498981481481481 0.582486111111111 0.010666666666666649 0.021722222222222202
3 0.5578981481481481 0.5779027777777778 0.00990740740740745 0.025152777777777798
3 0.6444074074074074 0.8162777777777778 0.045731481481481574 0.10175
3 0.7455833333333334 0.8242777777777778 0.0743148148148148 0.10745833333333318
3 0.8397037037037037 0.7059444444444444 0.075074074074074 0.04573611111111112
3 0.90925 0.73425 0.05944444444444449 0.0680277777777778
3 0.10232407407407408 0.75425 0.06821296296296295 0.05658333333333335